2013-12-27 00:00:00,807,807.8,802.11,802.11,6.75,5452.59,807.75
2013-12-27 00:01:00,805,805.88,802,802.1,12.53,10054.12,802.26
2013-12-27 00:02:00,805.88,807.73989,805,805,0.8,648.53,807.08
2013-12-27 00:03:00,1.7e+308,1.7e+308,1.7e+308,1.7e+308,Infinity,Infinity,Infinity
2013-12-27 00:04:00,804.7,804.7,804.7,804.7,0.03,20.93,804.7
2013-12-27 00:05:00,805,805,805,805,0.02,16.1,805
2013-12-27 00:06:00,805,807.99466,805,807.99466,1.25,1005.8,805.64
2013-12-27 00:07:00,807.99463,807.99463,807.9946,807.9946,0.79,641.16,807.99
2013-12-27 00:08:00,807.89991,807.89991,807.89991,807.89991,0.5,403.95,807.9
2013-12-27 00:09:00,807.89982,811,807.89979,810,34.11,27585.07,808.65
2013-12-27 00:10:00,811,811.98498,810,810,1.12,908.25,810.05
2013-12-27 00:11:00,810,811.536,805.01,811.536,11.25,9093.91,808.46
2013-12-27 00:12:00,805.01,805.01,805.01,805.01,1.63,1313.17,805.01
2013-12-27 00:13:00,805.01,811.78997,805.01,811.78997,0.87,707.07,808.71
2013-12-27 00:14:00,1.7e+308,1.7e+308,1.7e+308,1.7e+308,Infinity,Infinity,Infinity
2013-12-27 00:15:00,811,811,811,811,0.5,405.5,811
2013-12-27 00:16:00,805.4,814,805.01001,814,10.18,8263.08,811.93
2013-12-27 00:17:00,811.995,811.995,806.3,806.3,0.14,113.57,811.18
2013-12-27 00:18:00,811.995,813,806.35,813,4.09,3327.87,812.71
2013-12-27 00:19:00,813,814.19999,812,814.195,3.3,2686.56,814.01
2013-12-27 00:20:00,814.195,814.2,805.15005,814.195,1.65,1345.11,813.93
2013-12-27 00:21:00,1.7e+308,1.7e+308,1.7e+308,1.7e+308,Infinity,Infinity,Infinity
2013-12-27 00:22:00,806.11003,806.11003,806.11003,806.11003,0.14,110.96,806.11
2013-12-27 00:23:00,807.005,807.005,807.005,807.005,0.2,161.4,807.01
2013-12-27 00:24:00,808.005,808.005,808.005,808.005,0.12,100.92,808.01
2013-12-27 00:25:00,808.005,814.2,808.00006,814.2,2.6,2111.83,812
2013-12-27 00:26:00,814.2,819.18999,814.2,818.37,20.01,16368.31,818
2013-12-27 00:27:00,810.35339,810.35339,810.35339,810.35339,0.01,8.1,810.35
2013-12-27 00:28:00,810.35344,817,810,816.175,0.04,34.88,813.18
2013-12-27 00:29:00,816.175,816.175,816.175,816.175,0.01,8.16,816.18
2013-12-27 00:30:00,815.995,815.995,815.995,815.995,0.1,81.6,816
2013-12-27 00:31:00,815.995,816.99999,815.68192,816.99999,4.9,4003.05,816.4
2013-12-27 00:32:00,810,816.75999,808,816.74,15.36,12415.62,808.31
2013-12-27 00:33:00,808.4,816,808,816,27.75,22504.6,810.96
2013-12-27 00:34:00,1.7e+308,1.7e+308,1.7e+308,1.7e+308,Infinity,Infinity,Infinity
2013-12-27 00:35:00,810,817,810,810.005,34.32,28026.94,816.67
2013-12-27 00:36:00,816.995,820.666,816.995,820.666,52.73,43190.34,819.14
2013-12-27 00:37:00,812,812,812,812,0.01,8.12,812
2013-12-27 00:38:00,815,820.25,815,815.005,0.15,124.98,816.03
2013-12-27 00:39:00,819.995,820,819.995,820,0.11,90.2,820
2013-12-27 00:40:00,817,819.99999,815.00001,819.99999,0.51,418.43,817.3
2013-12-27 00:41:00,819.99499,821.99,819.9948,821.985,15.42,12662.19,820.96
2013-12-27 00:42:00,821.985,821.99899,821,821,0.9,743.67,821.94
2013-12-27 00:43:00,821,821,820,821,0.09,73.89,821
2013-12-27 00:44:00,820,820,820,820,0.08,65.6,820
2013-12-27 00:45:00,820,821,820,820,2.09,1715.83,820
2013-12-27 00:46:00,821,821,816,816,1.37,1117.56,817.72
2013-12-27 00:47:00,819.99,819.99,816,819.99,1.04,849.26,816.86
2013-12-27 00:48:00,816.2,816.2,816.1,816.1,0.15,121.87,816.15
2013-12-27 00:49:00,819.9,822,815.6,815.7,13.7,11230.01,819.88
2013-12-27 00:50:00,821.89998,821.89998,815.5,815.7,5.25,4307.94,820.43
2013-12-27 00:51:00,815.7,820,815.7,820,1,818.65,818.65
2013-12-27 00:52:00,818,821.65999,818,821.65999,0.65,533.05,820.08
2013-12-27 00:53:00,820,821.8,818,820,10.92,8955.82,820.33
2013-12-27 00:54:00,820.00001,821.65,813.20001,821.65,7.43,6071.35,817.24
2013-12-27 00:55:00,1.7e+308,1.7e+308,1.7e+308,1.7e+308,Infinity,Infinity,Infinity
2013-12-27 00:56:00,821,821,815,815,7.37,6034.84,819.22
2013-12-27 00:57:00,820,820,820,820,0.07,57.4,820
2013-12-27 00:58:00,819,819,819,819,0.07,57.33,819
2013-12-27 00:59:00,818,818,815,815,1.04,848.34,815.71
2013-12-27 01:00:00,817,818,814.705,817,1.11,906.07,815.37
2013-12-27 01:01:00,816,819,814,814,1.57,1280.43,815.04
2013-12-27 01:02:00,813.9,813.9,813.7,813.7,1.21,984.6,813.72
2013-12-27 01:03:00,813.6,813.6,813.50001,813.50001,4.65,3784.67,813.5
2013-12-27 01:04:00,813.50001,819.716,813.2,814,3.17,2576.86,813.68
2013-12-27 01:05:00,813.2,813.2,811.00001,811.00001,11.78,9572.08,812.41
2013-12-27 01:06:00,815,816,811,811,25.83,20952.22,811.05
2013-12-27 01:07:00,819.55048,819.716,809.98583,809.98583,19.84,16163.33,814.67
2013-12-27 01:08:00,809.98583,809.98583,806.17006,806.17006,8,6465.66,808.21
2013-12-27 01:09:00,807.42026,807.42026,806.17006,806.17006,1.35,1091.81,806.26
2013-12-27 01:10:00,806.17006,813.93428,806.17006,813.93428,0.22,173.85,808.27
2013-12-27 01:11:00,806.42,806.42,806.42,806.42,0.01,8.06,806.42
2013-12-27 01:12:00,806.44,813.93428,806.44,806.55,0.46,369.89,806.68
2013-12-27 01:13:00,810,810,810,810,0.1,81,810
2013-12-27 01:14:00,810,810,808.5,810,1.02,824.98,808.53
2013-12-27 01:15:00,1.7e+308,1.7e+308,1.7e+308,1.7e+308,Infinity,Infinity,Infinity
2013-12-27 01:16:00,808.16,808.16,800.26001,800.34929,78.25,62902.64,803.9
2013-12-27 01:17:00,809.95998,809.96499,800.525,800.6,3.32,2688.23,809.81
2013-12-27 01:18:00,801.05,816.87922,800.62,801.02001,124.92,101202.65,810.12
2013-12-27 01:19:00,801.02001,809.09,801.02001,804.13001,0.21,166.25,803.93
2013-12-27 01:20:00,804.2,804.57001,804.2,804.57001,0.17,133.05,804.45
2013-12-27 01:21:00,805.03003,805.03005,805.03003,805.03005,0.05,43.25,805.03
2013-12-27 01:22:00,806.04006,806.91999,806.04006,806.91999,0.04,29.75,806.28
2013-12-27 01:23:00,1.7e+308,1.7e+308,1.7e+308,1.7e+308,Infinity,Infinity,Infinity
2013-12-27 01:24:00,1.7e+308,1.7e+308,1.7e+308,1.7e+308,Infinity,Infinity,Infinity
2013-12-27 01:25:00,1.7e+308,1.7e+308,1.7e+308,1.7e+308,Infinity,Infinity,Infinity
2013-12-27 01:26:00,1.7e+308,1.7e+308,1.7e+308,1.7e+308,Infinity,Infinity,Infinity
2013-12-27 01:27:00,806.027,806.027,805.08509,805.08509,0.59,472.65,805.16
2013-12-27 01:28:00,1.7e+308,1.7e+308,1.7e+308,1.7e+308,Infinity,Infinity,Infinity
2013-12-27 01:29:00,808.99999,815.39999,808.99999,815.39999,6.82,5536.78,812.4
2013-12-27 01:30:00,815.39833,815.39999,807.00501,807.00501,2.54,2073.41,815.29
2013-12-27 01:31:00,814.811,814.99,814.811,814.99,2.67,2178.3,814.99
2013-12-27 01:32:00,814.99,814.99499,814.53672,814.99499,1.78,1451.65,814.95
2013-12-27 01:33:00,814.811,814.811,814.811,814.811,0.02,20.17,814.81
2013-12-27 01:34:00,809.005,809.005,809.005,809.005,0.03,26.14,809.01
2013-12-27 01:35:00,808.89801,809,808,808,2.68,2166.63,808.08
2013-12-27 01:36:00,814.8,814.8,808.095,814.26499,0.61,496.36,812.55
2013-12-27 01:37:00,813.995,814,802,805.02004,31.2,25155.26,806.29
2013-12-27 01:38:00,813.589,813.589,804.07005,806.027,0.41,335.69,810.8
2013-12-27 01:39:00,806.027,812,804.82,812,0.11,88.91,808.26
2013-12-27 01:40:00,812,813.58897,804.07005,813.39499,2.81,2273.8,809.76
2013-12-27 01:41:00,811.98999,811.98999,804.06005,810.995,12.45,10022.42,804.83
2013-12-27 01:42:00,810.995,811.99999,808.995,809,5.01,4063.59,811.22
2013-12-27 01:43:00,809,809,809,809,1.01,817.09,809
2013-12-27 01:44:00,809,809,809,809,0.03,24.27,809
2013-12-27 01:45:00,806,806,805.01501,805.01501,2,1610.04,805.02
2013-12-27 01:46:00,812.369,812.369,805.015,805.015,0.07,58.68,810.1
2013-12-27 01:47:00,810.745,812.369,805.015,812.369,0.08,66.68,809.39
2013-12-27 01:48:00,805.015,813.295,805.015,805.02001,0.16,129.56,809.75
2013-12-27 01:49:00,810,810,806,806,0.23,184.9,809.62
2013-12-27 01:50:00,808,809,805.011,805.011,5.9,4751.97,805.05
2013-12-27 01:51:00,808.87999,808.87999,805.01,808.87999,1.02,821.19,805.09
2013-12-27 01:52:00,807,811.15,804,811.15,15.15,12212.96,805.87
2013-12-27 01:53:00,804,804,803.11,803.11,2,1606.3,803.15
2013-12-27 01:54:00,1.7e+308,1.7e+308,1.7e+308,1.7e+308,Infinity,Infinity,Infinity
2013-12-27 01:55:00,803.62,803.62,803.11,803.11,9.3,7471.99,803.12
2013-12-27 01:56:00,808.655,808.66,808.655,808.66,5.6,4527.3,808.66
2013-12-27 01:57:00,1.7e+308,1.7e+308,1.7e+308,1.7e+308,Infinity,Infinity,Infinity
2013-12-27 01:58:00,808.64999,808.64999,808.64999,808.64999,0.16,130.65,808.65
2013-12-27 01:59:00,804.26007,806,801.78,806,37.79,30379.04,803.9
2013-12-27 02:00:00,806,806,800.82218,806,14.03,11259.18,802.71
2013-12-27 02:01:00,803.005,803.005,800,800,100,80021.74,800.22
2013-12-27 02:02:00,800.83555,800.83555,800,800,9.58,7664.09,800.01
2013-12-27 02:03:00,800,800.0001,795,795,121.52,97138.43,799.34
2013-12-27 02:04:00,795,798.25,793.00001,793.04001,13.74,10903.28,793.6
2013-12-27 02:05:00,793.04501,793.04501,793,793,15.13,12000.84,793.03
2013-12-27 02:06:00,798,798.15,793.255,793.255,1.97,1564.55,795.57
2013-12-27 02:07:00,797.872,800.99999,797.872,799.995,4.31,3452.85,800.73
2013-12-27 02:08:00,799.07,801,793,794.789,36.04,28666.37,795.39
2013-12-27 02:09:00,795,800,795,800,20.26,16207.21,799.99
2013-12-27 02:10:00,796.84299,799.99,793,796.84299,12.21,9702.75,794.35
2013-12-27 02:11:00,796,796.66,796,796.66,4.52,3600.92,796
2013-12-27 02:12:00,796.66,796.66,796.66,796.66,6.35,5056.39,796.66
2013-12-27 02:13:00,796.66,798.88999,796.66,797,0.28,220.08,796.92
2013-12-27 02:14:00,797,798.12299,797,798.12299,2.97,2369.8,797.48
2013-12-27 02:15:00,797.99999,799.9,797.99999,799.9,18.59,14842.75,798.27
2013-12-27 02:16:00,798.53929,798.53929,798.53928,798.53928,1.05,838.76,798.54
2013-12-27 02:17:00,798.53928,798.53928,798.53928,798.53928,0.17,135.8,798.54
2013-12-27 02:18:00,798.53928,798.53928,796.66,796.66,25,19954.32,798.17
2013-12-27 02:19:00,799.85,799.85,799.85,799.85,0.1,79.99,799.85
2013-12-27 02:20:00,799.89999,799.9,797,797,15.24,12142.84,797.01
2013-12-27 02:21:00,797,797,796.66,796.66,0.05,39.85,796.94
2013-12-27 02:22:00,796.66,796.66,796,796,11.52,9167.27,796.01
2013-12-27 02:23:00,796,799.88499,788,796,123.56,97748.34,791.08
2013-12-27 02:24:00,789.00166,789.00166,788.2489,788.2489,1.01,796.15,788.26
2013-12-27 02:25:00,790,790,785.5,785.5,96.01,75503.12,786.42
2013-12-27 02:26:00,790,790,785.789,785.789,0.34,272.44,789.76
2013-12-27 02:27:00,790,795.8,785.5,785.5,44.27,34900.86,788.31
2013-12-27 02:28:00,794.995,795,794.995,795,1,795,795
2013-12-27 02:29:00,794.9,794.9,785.5,785.5,72.08,56688.02,786.47
2013-12-27 02:30:00,787.055,787.055,785.66928,785.794,1.02,805.31,785.77
2013-12-27 02:31:00,792.98999,792.98999,792.695,792.695,0.5,396.42,792.84
2013-12-27 02:32:00,787.055,787.055,785.5,785.5,4.68,3680.6,785.69
2013-12-27 02:33:00,791.99495,791.99799,791.99495,791.99799,1,792,792
2013-12-27 02:34:00,791.66659,791.99799,791.48,791.99799,3.39,2687.35,791.78
2013-12-27 02:35:00,791.5,791.76999,791.5,791.76999,0.15,119.56,791.54
2013-12-27 02:36:00,791.5,791.5,790,790,0.64,505.35,790.33
2013-12-27 02:37:00,790,791.77,790,791.76999,5.84,4622.12,791.33
2013-12-27 02:38:00,791.76999,791.76999,789,791.76999,2.35,1854.36,789.81
2013-12-27 02:39:00,791.76999,791.76999,790,791.76999,3.89,3075.27,791.35
2013-12-27 02:40:00,791.76999,795.99999,791.76999,795.99499,9.45,7505.91,794.28
2013-12-27 02:41:00,795.99499,796,795.99499,796,1.76,1401.13,796
2013-12-27 02:42:00,796,796,792,792,4.75,3765.08,792.03
2013-12-27 02:43:00,796,796,792.005,792.005,8.09,6436.7,795.87
2013-12-27 02:44:00,795.98999,795.99,795.98999,795.99,0.36,286.88,795.99
2013-12-27 02:45:00,795.99,800,792.005,800,39.53,31544.74,798.01
2013-12-27 02:46:00,799.07,804.83428,799.07,800.005,28.48,22790.73,800.23
2013-12-27 02:47:00,801.00001,801.00001,800,800,6.97,5576.4,800.23
2013-12-27 02:48:00,803.99999,805,803.99833,805,1.26,1013.82,804.08
2013-12-27 02:49:00,800.005,800.005,800,800,1.22,977.92,800
2013-12-27 02:50:00,1.7e+308,1.7e+308,1.7e+308,1.7e+308,Infinity,Infinity,Infinity
2013-12-27 02:51:00,1.7e+308,1.7e+308,1.7e+308,1.7e+308,Infinity,Infinity,Infinity
2013-12-27 02:52:00,1.7e+308,1.7e+308,1.7e+308,1.7e+308,Infinity,Infinity,Infinity
2013-12-27 02:53:00,803.881,804.99998,801.2,804.97998,1.89,1521.32,804.43
2013-12-27 02:54:00,804.96997,804.96997,804.96496,804.96496,2.74,2205.22,804.97
2013-12-27 02:55:00,801.2,801.2,801.2,801.2,0.14,112.89,801.2
2013-12-27 02:56:00,801.2,801.2,800.00001,800.00001,0.17,133.81,801.06
2013-12-27 02:57:00,802.00001,803.789,800.00001,800.00001,0.26,209.84,802.13
2013-12-27 02:58:00,800.00001,808.123,800,808.123,41.85,33657.01,804.23
2013-12-27 02:59:00,807.305,808.75899,807.305,808.75899,5.09,4118.11,808.4
2013-12-27 03:00:00,806.65659,806.65659,806.63159,806.63659,0.13,104.93,806.64
2013-12-27 03:01:00,806.46,808.49,806.46,808.47498,78.27,63252.78,808.09
2013-12-27 03:02:00,1.7e+308,1.7e+308,1.7e+308,1.7e+308,Infinity,Infinity,Infinity
2013-12-27 03:03:00,1.7e+308,1.7e+308,1.7e+308,1.7e+308,Infinity,Infinity,Infinity
2013-12-27 03:04:00,806,806,806,806,0.06,48.36,806
2013-12-27 03:05:00,1.7e+308,1.7e+308,1.7e+308,1.7e+308,Infinity,Infinity,Infinity
2013-12-27 03:06:00,805.995,806,805.995,806,4.21,3394.28,806
2013-12-27 03:07:00,1.7e+308,1.7e+308,1.7e+308,1.7e+308,Infinity,Infinity,Infinity
2013-12-27 03:08:00,1.7e+308,1.7e+308,1.7e+308,1.7e+308,Infinity,Infinity,Infinity
2013-12-27 03:09:00,800.7,805.93998,797.20001,805.93998,23.5,18799.66,799.99
2013-12-27 03:10:00,800,800,800,800,10,8000,800
2013-12-27 03:11:00,800,803.97497,792.87598,803.97497,47.82,38035.5,795.39
2013-12-27 03:12:00,1.7e+308,1.7e+308,1.7e+308,1.7e+308,Infinity,Infinity,Infinity
2013-12-27 03:13:00,798.995,799,798.995,799,0.71,569.42,799
2013-12-27 03:14:00,1.7e+308,1.7e+308,1.7e+308,1.7e+308,Infinity,Infinity,Infinity
2013-12-27 03:15:00,799,799,792.87598,792.87598,1.58,1252.33,794.27
2013-12-27 03:16:00,1.7e+308,1.7e+308,1.7e+308,1.7e+308,Infinity,Infinity,Infinity
2013-12-27 03:17:00,1.7e+308,1.7e+308,1.7e+308,1.7e+308,Infinity,Infinity,Infinity
2013-12-27 03:18:00,798.9899,798.9899,798.9899,798.9899,0.1,79.9,798.99
2013-12-27 03:19:00,798.9849,799.99999,798.9849,799.99999,3,2399.44,799.81
2013-12-27 03:20:00,799.995,799.995,799.995,799.995,0.1,79.64,800
2013-12-27 03:21:00,1.7e+308,1.7e+308,1.7e+308,1.7e+308,Infinity,Infinity,Infinity
2013-12-27 03:22:00,1.7e+308,1.7e+308,1.7e+308,1.7e+308,Infinity,Infinity,Infinity
2013-12-27 03:23:00,797.99999,798,796,796,10.76,8578.04,797.44
2013-12-27 03:24:00,795,795,793.10501,793.10501,11.05,8769.42,793.85
2013-12-27 03:25:00,793.16003,793.16003,793.16003,793.16003,3.1,2458.8,793.16
2013-12-27 03:26:00,796.89,796.89,796.89,796.89,0.25,199.22,796.89
2013-12-27 03:27:00,1.7e+308,1.7e+308,1.7e+308,1.7e+308,Infinity,Infinity,Infinity
2013-12-27 03:28:00,796.89,796.89,796.89,796.89,0.25,199.22,796.89
2013-12-27 03:29:00,793.17002,793.17002,793.17001,793.17001,2.43,1925.04,793.17
2013-12-27 03:30:00,796.89,796.99999,793.14,793.14,4.27,3393.25,793.81
2013-12-27 03:31:00,796.99999,797,793,793,33.02,26200.22,793.35
2013-12-27 03:32:00,792.9,793,792,792,19,15052.21,792.07
2013-12-27 03:33:00,792,796.995,790.00512,796.995,14.9,11779.3,790.49
2013-12-27 03:34:00,796.995,796.99999,796.995,796.99999,0.5,398.5,797
2013-12-27 03:35:00,796.99999,796.99999,796.99999,796.99999,0.25,199.25,797
2013-12-27 03:36:00,1.7e+308,1.7e+308,1.7e+308,1.7e+308,Infinity,Infinity,Infinity
2013-12-27 03:37:00,792,792,790.16025,790.16025,5,3950.82,790.16
2013-12-27 03:38:00,794.99999,799.99999,794.99999,798.995,23.26,18566.76,798.38
2013-12-27 03:39:00,791.05504,791.05504,791.05504,791.05504,6.59,5215.94,791.06
2013-12-27 03:40:00,1.7e+308,1.7e+308,1.7e+308,1.7e+308,Infinity,Infinity,Infinity
2013-12-27 03:41:00,797.995,798,797.995,798,0.92,736.67,798
2013-12-27 03:42:00,792.045,792.045,792.045,792.045,0.01,7.92,792.05
2013-12-27 03:43:00,792.06001,792.06502,792.05501,792.06502,16.82,13322.38,792.06
2013-12-27 03:44:00,792.06503,792.06503,792.06503,792.06503,1.26,1000,792.07
2013-12-27 03:45:00,792.06503,792.06503,792.06503,792.06503,0.01,7.92,792.07
2013-12-27 03:46:00,794.999,794.999,794.999,794.999,0.26,206.7,795
2013-12-27 03:47:00,794.999,794.99999,791,791,32.38,25634.61,791.63
2013-12-27 03:48:00,792,792,792,792,0.01,7.92,792
2013-12-27 03:49:00,1.7e+308,1.7e+308,1.7e+308,1.7e+308,Infinity,Infinity,Infinity
2013-12-27 03:50:00,794,809,793.27285,793.27285,143.13,115237.4,805.1
2013-12-27 03:51:00,793.27285,807.85308,792.02,807.84308,2.54,2042.96,802.85
2013-12-27 03:52:00,799.50458,799.50458,799.50458,799.50458,0.16,126.9,799.5
2013-12-27 03:53:00,796.36808,796.36809,794.36308,796.36809,5.75,4579.23,795.82
2013-12-27 03:54:00,1.7e+308,1.7e+308,1.7e+308,1.7e+308,Infinity,Infinity,Infinity
2013-12-27 03:55:00,796.36809,802.87925,794.46316,802.87925,4.1,3274.94,799.37
2013-12-27 03:56:00,1.7e+308,1.7e+308,1.7e+308,1.7e+308,Infinity,Infinity,Infinity
2013-12-27 03:57:00,1.7e+308,1.7e+308,1.7e+308,1.7e+308,Infinity,Infinity,Infinity
2013-12-27 03:58:00,1.7e+308,1.7e+308,1.7e+308,1.7e+308,Infinity,Infinity,Infinity
2013-12-27 03:59:00,795.231,795.231,795.11,795.11,0.35,278.3,795.13
2013-12-27 04:00:00,806,807.68986,806,807.66485,8.97,7243.13,807.6
2013-12-27 04:01:00,795.25102,807.78,795.23605,807.78,2.52,2011.62,798.15
2013-12-27 04:02:00,1.7e+308,1.7e+308,1.7e+308,1.7e+308,Infinity,Infinity,Infinity
2013-12-27 04:03:00,799.7022,799.7022,798.00001,798.00001,1.58,1258.87,798.04
2013-12-27 04:04:00,1.7e+308,1.7e+308,1.7e+308,1.7e+308,Infinity,Infinity,Infinity
2013-12-27 04:05:00,800,800,800,800,0.01,8,800
2013-12-27 04:06:00,802,802,802,802,0.1,80.2,802
2013-12-27 04:07:00,1.7e+308,1.7e+308,1.7e+308,1.7e+308,Infinity,Infinity,Infinity
2013-12-27 04:08:00,807.4999,807.78,802.005,802.005,9.27,7483.13,807.49
2013-12-27 04:09:00,1.7e+308,1.7e+308,1.7e+308,1.7e+308,Infinity,Infinity,Infinity
2013-12-27 04:10:00,805,805,802,802,7.67,6151.82,802.12
2013-12-27 04:11:00,804.995,804.99999,804.995,804.99999,0.1,80.5,805
2013-12-27 04:12:00,802,802,802,802,0.16,128.32,802
2013-12-27 04:13:00,802,802,802,802,1.4,1122.8,802
2013-12-27 04:14:00,1.7e+308,1.7e+308,1.7e+308,1.7e+308,Infinity,Infinity,Infinity
2013-12-27 04:15:00,1.7e+308,1.7e+308,1.7e+308,1.7e+308,Infinity,Infinity,Infinity
2013-12-27 04:16:00,1.7e+308,1.7e+308,1.7e+308,1.7e+308,Infinity,Infinity,Infinity
2013-12-27 04:17:00,804,804.89499,804,804.89499,0.65,519.31,804.76
2013-12-27 04:18:00,1.7e+308,1.7e+308,1.7e+308,1.7e+308,Infinity,Infinity,Infinity
2013-12-27 04:19:00,802,804.89099,802,804.89099,0.63,504.05,802.11
2013-12-27 04:20:00,1.7e+308,1.7e+308,1.7e+308,1.7e+308,Infinity,Infinity,Infinity
2013-12-27 04:21:00,802,802,802,802,1,802,802
2013-12-27 04:22:00,802,802,798.85,798.85,0.3,240.23,800.76
2013-12-27 04:23:00,1.7e+308,1.7e+308,1.7e+308,1.7e+308,Infinity,Infinity,Infinity
2013-12-27 04:24:00,799,799,798.8301,798.8301,0.3,239.39,798.93
2013-12-27 04:25:00,799,799,798.83009,798.83009,3.74,2984.84,798.85
2013-12-27 04:26:00,1.7e+308,1.7e+308,1.7e+308,1.7e+308,Infinity,Infinity,Infinity
2013-12-27 04:27:00,1.7e+308,1.7e+308,1.7e+308,1.7e+308,Infinity,Infinity,Infinity
2013-12-27 04:28:00,796.448,796.448,796.44301,796.44301,0.45,358.4,796.44
2013-12-27 04:29:00,796.46801,796.46801,796.46801,796.46801,0.2,159.13,796.47
2013-12-27 04:30:00,796.48802,796.48802,796.48303,796.48303,2.37,1887.9,796.48
2013-12-27 04:31:00,796.48303,796.48303,795.74708,795.74708,19.95,15880.22,796.03
2013-12-27 04:32:00,795.74708,795.74708,795.74708,795.74708,1,795.75,795.75
2013-12-27 04:33:00,795.74708,795.74708,795.74708,795.74708,3.13,2489.83,795.75
2013-12-27 04:34:00,795.74708,795.7888,792.02001,793,20,15908.07,795.4
2013-12-27 04:35:00,792.995,793,792.01,793,0.97,770.01,792.56
2013-12-27 04:36:00,793,793,790,790,69.18,54736.48,791.17
2013-12-27 04:37:00,790,790,789.00001,790,7.82,6171.79,789.45
2013-12-27 04:38:00,790,790,789.00001,789.296,0.88,697.42,789.68
2013-12-27 04:39:00,790,790,789.296,789.296,0.52,407.62,789.65
2013-12-27 04:40:00,789.296,790,789.296,790,2.51,1981.67,789.51
2013-12-27 04:41:00,790,790,790,790,0.25,197.5,790
2013-12-27 04:42:00,790,790,790,790,0.5,395,790
2013-12-27 04:43:00,790,790,790,790,0.5,395,790
2013-12-27 04:44:00,790,790,790,790,0.25,197.5,790
2013-12-27 04:45:00,790,790,789.29601,789.29601,2.04,1612.73,789.96
2013-12-27 04:46:00,790,790,789,790,71.26,56249.97,789.31
2013-12-27 04:47:00,790,798.695,790,798.695,1.71,1351.67,790.45
2013-12-27 04:48:00,791,791,789.06007,789.06007,4.87,3846.67,789.87
2013-12-27 04:49:00,789.07007,789.07007,789,789,1.78,1408.16,789.03
2013-12-27 04:50:00,789.296,789.296,789.21,789.21,3.47,2739.21,789.21
2013-12-27 04:51:00,1.7e+308,1.7e+308,1.7e+308,1.7e+308,Infinity,Infinity,Infinity
2013-12-27 04:52:00,1.7e+308,1.7e+308,1.7e+308,1.7e+308,Infinity,Infinity,Infinity
2013-12-27 04:53:00,789.31009,789.31009,789.31009,789.31009,0.02,13.15,789.31
2013-12-27 04:54:00,1.7e+308,1.7e+308,1.7e+308,1.7e+308,Infinity,Infinity,Infinity
2013-12-27 04:55:00,1.7e+308,1.7e+308,1.7e+308,1.7e+308,Infinity,Infinity,Infinity
2013-12-27 04:56:00,794,794,794,794,0,1,794
2013-12-27 04:57:00,794,794,794,794,0.28,224.15,794
2013-12-27 04:58:00,794,794,794,794,10,7940,794
2013-12-27 04:59:00,794,794,794,794,1,794,794
2013-12-27 05:00:00,1.7e+308,1.7e+308,1.7e+308,1.7e+308,Infinity,Infinity,Infinity
2013-12-27 05:01:00,794,794,789.43021,789.44021,3.04,2400.87,789.51
2013-12-27 05:02:00,789.75,789.75,789.74,789.74,0.31,241.18,789.74
2013-12-27 05:03:00,789.82004,794,789.82004,794,2.02,1606.24,793.91
2013-12-27 05:04:00,1.7e+308,1.7e+308,1.7e+308,1.7e+308,Infinity,Infinity,Infinity
2013-12-27 05:05:00,792,792,792,792,1,792,792
2013-12-27 05:06:00,1.7e+308,1.7e+308,1.7e+308,1.7e+308,Infinity,Infinity,Infinity
2013-12-27 05:07:00,1.7e+308,1.7e+308,1.7e+308,1.7e+308,Infinity,Infinity,Infinity
2013-12-27 05:08:00,791.1,791.1,791,791,1.59,1259.81,791.06
2013-12-27 05:09:00,791,792,791,791,2.29,1811.79,791.87
2013-12-27 05:10:00,791,792,789.05004,789.22001,13.29,10489.34,789.45
2013-12-27 05:11:00,789.22001,789.58,789,789.04004,18.29,14431.64,789.19
2013-12-27 05:12:00,789.04004,792,789,792,9.49,7488.92,789.07
2013-12-27 05:13:00,789.22,790,789.22,790,0.24,190.85,789.35
2013-12-27 05:14:00,790,790,790,790,2.15,1694.85,790
2013-12-27 05:15:00,790,790,787,787,20.29,16003.04,788.56
2013-12-27 05:16:00,789.99,790,787,787.065,0.35,276.2,789.15
2013-12-27 05:17:00,787.075,790,785.5,785.5,31.94,25119.98,786.44
2013-12-27 05:18:00,788,788,785.457,785.457,9.23,7247.16,785.55
2013-12-27 05:19:00,787.99,787.99,785.457,785.457,3.61,2834.66,785.65
2013-12-27 05:20:00,787.99,787.99,787.99,787.99,0.25,197,787.99
2013-12-27 05:21:00,785.477,788,785.477,788,0.24,187.04,785.88
2013-12-27 05:22:00,785.46,787.99,785.46,787.99,0.28,222.43,787.6
2013-12-27 05:23:00,785.46,799.65971,785.46,799.6597,50.59,40250.12,795.67
2013-12-27 05:24:00,787.99,791.6631,785.51,785.51,4.05,3181.6,785.58
2013-12-27 05:25:00,797.99499,798,797.99499,798,0.4,318.55,798
2013-12-27 05:26:00,797.995,797.995,797,797.99,1.03,817.52,797.16
2013-12-27 05:27:00,790.02,797.53296,787,795.99996,2.59,2060.41,795.37
2013-12-27 05:28:00,1.7e+308,1.7e+308,1.7e+308,1.7e+308,Infinity,Infinity,Infinity
2013-12-27 05:29:00,796,796.005,795.99998,796,105.9,84296.32,796
2013-12-27 05:30:00,796,796,787.1025,787.11252,11.26,8897.03,790.15
2013-12-27 05:31:00,787.11252,787.11252,787.11252,787.11252,0.2,157.42,787.11
2013-12-27 05:32:00,787.18259,787.23263,787.18259,787.23263,30.31,23857.65,787.22
2013-12-27 05:33:00,787.26266,787.26267,787.1,787.1,20.02,15756.79,787.24
2013-12-27 05:34:00,787.11,787.11,787.11,787.11,1,787.11,787.11
2013-12-27 05:35:00,787.11,787.11,787.11,787.11,0.2,157.42,787.11
2013-12-27 05:36:00,788.23002,788.5,788.2,788.5,18.2,14345.91,788.24
2013-12-27 05:37:00,788.6,796,788.6,788.7,2.03,1603.55,789.89
2013-12-27 05:38:00,788.7,788.705,788.7,788.7,0.7,552.09,788.7
2013-12-27 05:39:00,788.7,788.75,788.7,788.75,0.85,668.65,788.73
2013-12-27 05:40:00,788.75,788.75,788.75,788.75,0.4,315.5,788.75
2013-12-27 05:41:00,788.75,789,788.75,788.75,0.81,641.21,788.91
2013-12-27 05:42:00,788.75,788.75,788.75,788.75,1.66,1309.33,788.75
2013-12-27 05:43:00,788.75,789,788.75,788.75,11.29,8905.88,788.75
2013-12-27 05:44:00,788.75,788.75,788.6,788.6,32.28,25461.32,788.66
2013-12-27 05:45:00,788.6,788.6,788.6,788.6,7.25,5717.35,788.6
2013-12-27 05:46:00,788.6,788.7,788.6,788.6,8.75,6899.65,788.6
2013-12-27 05:47:00,788.6,788.6,788.6,788.6,1.85,1460.18,788.6
2013-12-27 05:48:00,788.6,788.6,788.6,788.6,13.79,10873.73,788.6
2013-12-27 05:49:00,788.6,789,788.6,788.6,2.18,1718.32,788.67
2013-12-27 05:50:00,788.6,789,788.6,788.6,6.2,4890.92,788.86
2013-12-27 05:51:00,788.6,788.6,788.5,788.5,12.06,9513.34,788.58
2013-12-27 05:52:00,788.5,788.5,788.5,788.5,0.2,157.7,788.5
2013-12-27 05:53:00,788.6,788.6,788.5,788.5,10.97,8647.08,788.51
2013-12-27 05:54:00,788.5,788.5,788.5,788.5,6.09,4804.02,788.5
2013-12-27 05:55:00,788.6,788.6,788.6,788.6,1.47,1160.03,788.6
2013-12-27 05:56:00,788.601,788.9,788.6,788.9,6.1,4814,788.63
2013-12-27 05:57:00,788.6,788.65,788.6,788.65,1.63,1288.17,788.64
2013-12-27 05:58:00,788.65,788.65,788.65,788.65,1.68,1325.52,788.65
2013-12-27 05:59:00,788.65,788.9,788.65,788.65,2.6,2053.99,788.75
2013-12-27 06:00:00,788.9,795,788.65,788.65,5.64,4453.79,789.5
2013-12-27 06:01:00,788.65,788.65,788.65,788.65,0.55,432.18,788.65
2013-12-27 06:02:00,788.65,788.65,788.65,788.65,0.34,264.33,788.65
2013-12-27 06:03:00,788.65,788.65,788.65,788.65,2.58,2036.29,788.65
2013-12-27 06:04:00,788.65,788.65,788.65,788.65,1.63,1282.98,788.65
2013-12-27 06:05:00,788.65,788.65,788.65,788.65,0.54,424.29,788.65
2013-12-27 06:06:00,788.65,788.65,788.65,788.65,0.29,227.13,788.65
2013-12-27 06:07:00,788.85,788.85,788.65001,788.65001,2.7,2129.55,788.72
2013-12-27 06:08:00,788.65001,788.85,788.65001,788.65001,1.2,946.38,788.65
2013-12-27 06:09:00,788.65001,788.65001,788.65,788.65,5.99,4725.81,788.65
2013-12-27 06:10:00,788.65,788.65,788.6,788.6,2.49,1962.09,788.62
2013-12-27 06:11:00,788.6,795,788.6,788.6,21.83,17339.91,794.46
2013-12-27 06:12:00,788.6,794.89499,788.6,788.6,0.59,468.52,791.44
2013-12-27 06:13:00,788.6,788.6,788.6,788.6,0.33,257.87,788.6
2013-12-27 06:14:00,788.6,789,788.6,789,11.29,8902.85,788.85
2013-12-27 06:15:00,788.6,788.6,788.6,788.6,4.3,3391.08,788.6
2013-12-27 06:16:00,788.6,788.6,788.5,788.5,11.2,8831.46,788.52
2013-12-27 06:17:00,788.5,788.5,788.4,788.4,2.59,2041.2,788.44
2013-12-27 06:18:00,788.5,788.51,788.5,788.51,10.2,8042.8,788.51
2013-12-27 06:19:00,788.51,788.51,788.51,788.51,1.2,946.21,788.51
2013-12-27 06:20:00,788.5,788.52,788.4,788.52,5.2,4100.28,788.52
2013-12-27 06:21:00,788.52,788.52,788.52,788.52,15.2,11985.5,788.52
2013-12-27 06:22:00,788.52001,788.52001,788.4,788.4,39.54,31172.87,788.43
2013-12-27 06:23:00,788.4,788.40001,788.2,788.2,4.96,3909.94,788.29
2013-12-27 06:24:00,788.20001,792,788.2,788.2,1.89,1488.51,788.24
2013-12-27 06:25:00,788.2,788.2,788.2,788.2,0.2,157.64,788.2
2013-12-27 06:26:00,788.2,794.80699,788.2,794.80699,1.22,967.18,793.13
2013-12-27 06:27:00,788.205,788.205,788.20001,788.20001,0.2,157.64,788.2
2013-12-27 06:28:00,788.20001,788.20001,788.20001,788.20001,0.29,229.92,788.2
2013-12-27 06:29:00,788.20001,794.80699,788.20001,794.80199,0.27,216.26,789.98
2013-12-27 06:30:00,794.802,794.802,788.20001,788.20001,1.02,808.95,794.23
2013-12-27 06:31:00,788.505,794.9,788.2,794.9,6.1,4821.39,790.39
2013-12-27 06:32:00,794.00001,795,794,795,17.66,14033.06,794.53
2013-12-27 06:33:00,794.00001,795,794,795,0.44,346.84,794.54
2013-12-27 06:34:00,794.00001,794.00001,794,794,0.2,158.8,794
2013-12-27 06:35:00,794,795,794,795,6.12,4859.9,794.15
2013-12-27 06:36:00,794.00001,794.00001,794,794,0.2,158.8,794
2013-12-27 06:37:00,794.00001,794.00001,794,794,1.47,1167.18,794
2013-12-27 06:38:00,794,794,794,794,0.2,158.8,794
2013-12-27 06:39:00,794,794,794,794,0.2,158.8,794
2013-12-27 06:40:00,794,795,794,795,0.25,198.55,794.2
2013-12-27 06:41:00,794,794,794,794,0.2,158.8,794
2013-12-27 06:42:00,794,794,794,794,4.48,3557.66,794
2013-12-27 06:43:00,794,794,790.86172,790.86172,0.2,158.24,791.18
2013-12-27 06:44:00,790.86172,790.86172,790.86172,790.86172,0.2,158.17,790.86
2013-12-27 06:45:00,790.86172,790.86172,790.86171,790.86171,0.2,158.17,790.86
2013-12-27 06:46:00,790.86171,790.86171,790.86171,790.86171,0.2,158.17,790.86
2013-12-27 06:47:00,790.86172,794.9,790.86171,794.9,1.47,1168.74,794.35
2013-12-27 06:48:00,790.79,790.79,788.60002,788.60002,0.2,157.76,788.78
2013-12-27 06:49:00,790.86172,790.86172,788.60001,788.60001,0.66,517.64,788.63
2013-12-27 06:50:00,789.82,789.82,788.60001,788.60001,0.2,157.73,788.66
2013-12-27 06:51:00,1.7e+308,1.7e+308,1.7e+308,1.7e+308,Infinity,Infinity,Infinity
2013-12-27 06:52:00,788.60001,788.60001,788.60001,788.60001,0.2,157.72,788.6
2013-12-27 06:53:00,789.82,790,788.6,788.6,3.76,2964.14,789.13
2013-12-27 06:54:00,788.6,788.6,788.6,788.6,0.2,157.72,788.6
2013-12-27 06:55:00,788.6,788.6,788.6,788.6,5.21,4108.61,788.6
2013-12-27 06:56:00,788.6,801.21983,788.6,800.5,29.79,23798.83,798.87
2013-12-27 06:57:00,800.5,800.5,788.61001,788.61001,1.2,958.37,798.64
2013-12-27 06:58:00,790.99273,790.99273,788.61002,788.61002,0.2,157.75,788.73
2013-12-27 06:59:00,790.99273,799.98999,788.61004,799.98999,0.98,785.57,797.7
2013-12-27 07:00:00,790.99278,799.98499,788.62008,799.98499,0.26,202.81,791.33
2013-12-27 07:01:00,791.99011,799.98499,788.71114,790,0.55,432.54,789.3
2013-12-27 07:02:00,790.00001,798.99998,788.79505,788.79505,1.66,1322.57,794.84
2013-12-27 07:03:00,797.75494,798.18,788.79006,788.79007,0.3,235.82,789.13
2013-12-27 07:04:00,788.79008,788.79008,788.79007,788.79007,0.2,157.76,788.79
2013-12-27 07:05:00,788.79013,797.75486,788.79013,797.75486,0.3,235.15,789.09
2013-12-27 07:06:00,789.00001,797.99499,789,789,0.34,264.44,789.38
2013-12-27 07:07:00,789,797.75478,788.80002,797.75478,0.85,668.81,788.97
2013-12-27 07:08:00,788.80003,798.09997,788.80002,797.74499,4.19,3315.89,790.92
2013-12-27 07:09:00,789.77724,797.74499,789.00001,789.00001,0.39,307.81,789.24
2013-12-27 07:10:00,789.00001,797.73499,789.00001,797.73499,0.21,165.78,789.42
2013-12-27 07:11:00,789.00001,789.00001,789.00001,789.00001,0.2,157.8,789
2013-12-27 07:12:00,789.00004,789.2,789.00001,789.00001,3.64,2871.23,789.03
2013-12-27 07:13:00,789.1,796.9,788.5,788.5,20.63,16276.59,788.83
2013-12-27 07:14:00,788.5,788.9,788.45,788.45,19.54,15408.57,788.61
2013-12-27 07:15:00,788.45,788.45,785.67236,787.1,159.42,125639.61,788.12
2013-12-27 07:16:00,785.71611,785.71611,785.457,785.457,2.21,1737.23,785.66
2013-12-27 07:17:00,785.457,787.1,785.457,787.1,0.98,769.02,786.3
2013-12-27 07:18:00,785.76,788.99999,785.1,788.99999,20.72,16275.14,785.33
2013-12-27 07:19:00,785.1,787.1,785.1,785.1,2.45,1925.08,785.37
2013-12-27 07:20:00,786,786,786,786,0.21,165.06,786
2013-12-27 07:21:00,786,786,786,786,0.54,423.69,786
2013-12-27 07:22:00,786,786,786,786,0.2,157.2,786
2013-12-27 07:23:00,786,786,785.0002,785.0002,50.2,39407.71,785.01
2013-12-27 07:24:00,785.088,787.89999,785,787.89999,20.21,15864.86,785
2013-12-27 07:25:00,785.79,785.79,785.01,785.01,0.2,157.03,785.13
2013-12-27 07:26:00,785.12,785.12,785.12,785.12,0.3,235.54,785.12
2013-12-27 07:27:00,787.89999,787.89999,785.12,785.12,0.3,235.81,786.05
2013-12-27 07:28:00,785.12,785.12,785.12,785.12,0.1,75.83,785.12
2013-12-27 07:29:00,785.12,786.265,783,783,35.52,27822.53,783.24
2013-12-27 07:30:00,783.913,783.913,781,781,68.64,53645.38,781.53
2013-12-27 07:31:00,781,781,781,781,0.08,59.21,781
2013-12-27 07:32:00,780.6,781,780.3615,780.3615,7.56,5901.86,780.42
2013-12-27 07:33:00,780.6,781,780.3615,781,1.78,1389.61,780.55
2013-12-27 07:34:00,1.7e+308,1.7e+308,1.7e+308,1.7e+308,Infinity,Infinity,Infinity
2013-12-27 07:35:00,781,785.71611,780.37,785,1.83,1430.87,781.91
2013-12-27 07:36:00,781,781,781,781,0.04,27.43,781
2013-12-27 07:37:00,781,781,780.52,780.52,0.29,226.48,780.97
2013-12-27 07:38:00,780.52,780.52,780.51,780.51,0.39,305.35,780.51
2013-12-27 07:39:00,780.51,780.51,780.4,780.4,1,780.49,780.49
2013-12-27 07:40:00,1.7e+308,1.7e+308,1.7e+308,1.7e+308,Infinity,Infinity,Infinity
2013-12-27 07:41:00,780.409,788.73,780.409,788.73,21.66,17065.71,787.82
2013-12-27 07:42:00,786.6915,788.73,786.6915,788.73,0.56,441.66,788.68
2013-12-27 07:43:00,788.718,788.73,780.40901,780.40901,4.26,3324.9,781.33
2013-12-27 07:44:00,781.00001,781.00001,780.40901,780.40901,8.94,6973.64,780.48
2013-12-27 07:45:00,780.40901,782,780.3615,780.3615,38.26,29861.25,780.4
2013-12-27 07:46:00,780.39,780.39,777.101,777.101,263.4,205300.54,779.41
2013-12-27 07:47:00,778.062,778.062,777.101,777.101,0.26,203.06,777.29
2013-12-27 07:48:00,777.103,777.103,773,773,173.37,134457.56,775.54
2013-12-27 07:49:00,772.96086,774.9,770,774.9,122.89,94729.89,770.85
2013-12-27 07:50:00,774.9,774.9,771.09901,771.09901,1.3,1004.21,774.76
2013-12-27 07:51:00,774.9,774.9,769,770,75.83,58384.43,769.93
2013-12-27 07:52:00,770,774,769,774,5.55,4270.46,769.03
2013-12-27 07:53:00,770,770,769,769,13.72,10553.4,769.05
2013-12-27 07:54:00,770,774,769,774,3.83,2946.77,769.02
2013-12-27 07:55:00,770,770,769,769,30.39,23368.73,769.03
2013-12-27 07:56:00,774,774,768,768,40.19,30872.57,768.22
2013-12-27 07:57:00,774.644,774.89999,768,768,27.07,20829.09,769.53
2013-12-27 07:58:00,774.644,779,768.01003,768.01003,73.39,56963.77,776.19
2013-12-27 07:59:00,768.792,780.39,768.01001,780.39,9.95,7746.7,778.84
2013-12-27 08:00:00,778.99997,780.39,772.06294,772.06294,17.72,13788.89,778.02
2013-12-27 08:01:00,775.10496,785.71611,775.10496,785.71611,9,7023.16,780.35
2013-12-27 08:02:00,784.38983,785.71611,775.01,775.01,1.58,1230.62,779.83
2013-12-27 08:03:00,779,789.82,779,785,20.93,16466.91,786.83
2013-12-27 08:04:00,785,785,785,785,0.28,219.44,785
2013-12-27 08:05:00,776.897,781,776.897,781,1.2,936.83,780.97
2013-12-27 08:06:00,1.7e+308,1.7e+308,1.7e+308,1.7e+308,Infinity,Infinity,Infinity
2013-12-27 08:07:00,779,781,774,774,27.26,21148,775.78
2013-12-27 08:08:00,1.7e+308,1.7e+308,1.7e+308,1.7e+308,Infinity,Infinity,Infinity
2013-12-27 08:09:00,783,783.998,775,778,2.5,1949.64,779.59
2013-12-27 08:10:00,778,782.97,778,778,0.43,333.26,778.12
2013-12-27 08:11:00,778.00005,783.998,778,783.998,4.4,3424.48,778.03
2013-12-27 08:12:00,782,788.10001,782,788.1,14.84,11678.94,786.89
2013-12-27 08:13:00,788.1,788.1,784.98503,784.98503,6.32,4978,787.53
2013-12-27 08:14:00,785.71611,788.76998,785.71611,788.74997,31.5,24844.17,788.7
2013-12-27 08:15:00,787.9,787.9,787.9,787.9,0.01,8.45,787.9
2013-12-27 08:16:00,785.71611,785.71611,785.71611,785.71611,0.04,35.33,785.72
2013-12-27 08:17:00,785.71611,785.71611,785.71611,785.71611,0.05,39.29,785.72
2013-12-27 08:18:00,1.7e+308,1.7e+308,1.7e+308,1.7e+308,Infinity,Infinity,Infinity
2013-12-27 08:19:00,785.71611,785.71611,785.71611,785.71611,0.34,266.48,785.72
2013-12-27 08:20:00,786.01001,786.01001,786.01,786.01,1.79,1409.55,786.01
2013-12-27 08:21:00,786.01,786.01,786.01,786.01,0.34,266.39,786.01
2013-12-27 08:22:00,786.01,786.88,778.51001,778.51001,9.01,7030.47,780.21
2013-12-27 08:23:00,1.7e+308,1.7e+308,1.7e+308,1.7e+308,Infinity,Infinity,Infinity
2013-12-27 08:24:00,779.229,779.229,778.50506,778.50506,2.14,1669.88,778.53
2013-12-27 08:25:00,1.7e+308,1.7e+308,1.7e+308,1.7e+308,Infinity,Infinity,Infinity
2013-12-27 08:26:00,780.397,786.89998,780.397,786.89998,0.95,748.25,786.38
2013-12-27 08:27:00,1.7e+308,1.7e+308,1.7e+308,1.7e+308,Infinity,Infinity,Infinity
2013-12-27 08:28:00,783.01,783.01,783.01,783.01,2.77,2170.48,783.01
2013-12-27 08:29:00,783.01,783.01,781,781,20.56,16071.32,781.84
2013-12-27 08:30:00,781.00001,781.00001,781,781,1.08,847.37,781
2013-12-27 08:31:00,781,781,781,781,0.02,12.07,781
2013-12-27 08:32:00,781,783,778.552,778.57201,16.32,12753.08,781.22
2013-12-27 08:33:00,778.5421,778.5421,778.5,778.5,13.09,10190.63,778.5
2013-12-27 08:34:00,1.7e+308,1.7e+308,1.7e+308,1.7e+308,Infinity,Infinity,Infinity
2013-12-27 08:35:00,778.5,778.5,778.1,778.1,10,7784.53,778.45
2013-12-27 08:36:00,778.11001,778.11001,778.11,778.11,1.89,1471.57,778.11
2013-12-27 08:37:00,778.11,778.11,778.11,778.11,2,1556.22,778.11
2013-12-27 08:38:00,778.11,780,778.11,780,0.23,177.71,778.28
2013-12-27 08:39:00,780,780,780,780,0.02,15.6,780
2013-12-27 08:40:00,1.7e+308,1.7e+308,1.7e+308,1.7e+308,Infinity,Infinity,Infinity
2013-12-27 08:41:00,780,780,780,780,1.2,939.58,780
2013-12-27 08:42:00,780,780,778.13,778.13,3.37,2623.31,778.77
2013-12-27 08:43:00,779.99999,783,779.99999,783,4,3125.66,781.41
2013-12-27 08:44:00,783,783,783,783,4,3132,783
2013-12-27 08:45:00,783,783,783,783,0.02,15.66,783
2013-12-27 08:46:00,1.7e+308,1.7e+308,1.7e+308,1.7e+308,Infinity,Infinity,Infinity
2013-12-27 08:47:00,782.99999,782.99999,780.01001,780.01001,0.35,275.69,780.09
2013-12-27 08:48:00,780.01001,780.01001,778.12,778.12,16.67,12980.75,778.49
2013-12-27 08:49:00,1.7e+308,1.7e+308,1.7e+308,1.7e+308,Infinity,Infinity,Infinity
2013-12-27 08:50:00,781.99999,781.99999,781.99999,781.99999,0.1,78.2,782
2013-12-27 08:51:00,1.7e+308,1.7e+308,1.7e+308,1.7e+308,Infinity,Infinity,Infinity
2013-12-27 08:52:00,1.7e+308,1.7e+308,1.7e+308,1.7e+308,Infinity,Infinity,Infinity
2013-12-27 08:53:00,781.99999,781.99999,781.99999,781.99999,0.05,39.1,782
2013-12-27 08:54:00,1.7e+308,1.7e+308,1.7e+308,1.7e+308,Infinity,Infinity,Infinity
2013-12-27 08:55:00,1.7e+308,1.7e+308,1.7e+308,1.7e+308,Infinity,Infinity,Infinity
2013-12-27 08:56:00,1.7e+308,1.7e+308,1.7e+308,1.7e+308,Infinity,Infinity,Infinity
2013-12-27 08:57:00,1.7e+308,1.7e+308,1.7e+308,1.7e+308,Infinity,Infinity,Infinity
2013-12-27 08:58:00,783,787,783,787,14.19,11144.19,785.28
2013-12-27 08:59:00,787,787,787,787,0.26,201.47,787
2013-12-27 09:00:00,785.71611,787,785.71611,787,0.06,49.97,786.48
2013-12-27 09:01:00,786,787,780.397,787,1.13,885.93,786.72
2013-12-27 09:02:00,1.7e+308,1.7e+308,1.7e+308,1.7e+308,Infinity,Infinity,Infinity
2013-12-27 09:03:00,1.7e+308,1.7e+308,1.7e+308,1.7e+308,Infinity,Infinity,Infinity
2013-12-27 09:04:00,1.7e+308,1.7e+308,1.7e+308,1.7e+308,Infinity,Infinity,Infinity
2013-12-27 09:05:00,1.7e+308,1.7e+308,1.7e+308,1.7e+308,Infinity,Infinity,Infinity
2013-12-27 09:06:00,787,789,780.415,780.415,3.1,2441.59,787.61
2013-12-27 09:07:00,1.7e+308,1.7e+308,1.7e+308,1.7e+308,Infinity,Infinity,Infinity
2013-12-27 09:08:00,782.739,782.739,781.60001,781.60001,2,1563.54,781.77
2013-12-27 09:09:00,788.98663,789,788.98663,789,0.48,381.36,789
2013-12-27 09:10:00,782.005,782.005,781.88001,781.88001,0.76,594.52,781.97
2013-12-27 09:11:00,781.88001,789.81999,781.88,789.81999,0.96,758.25,788.63
2013-12-27 09:12:00,781.91501,781.91501,781.91501,781.91501,0.05,39.1,781.92
2013-12-27 09:13:00,782.00001,788,782.00001,788,0.21,168.6,785.1
2013-12-27 09:14:00,787.99499,792.276,787.99499,790.995,6.56,5173.61,789.16
2013-12-27 09:15:00,788,788,788,788,0.34,271.17,788
2013-12-27 09:16:00,788,788,788,788,0.04,31.29,788
2013-12-27 09:17:00,1.7e+308,1.7e+308,1.7e+308,1.7e+308,Infinity,Infinity,Infinity
2013-12-27 09:18:00,783.4103,783.4103,783.4103,783.4103,1,783.41,783.41
2013-12-27 09:19:00,1.7e+308,1.7e+308,1.7e+308,1.7e+308,Infinity,Infinity,Infinity
2013-12-27 09:20:00,783.41002,783.41002,783.4,783.4,2,1566.82,783.41
2013-12-27 09:21:00,1.7e+308,1.7e+308,1.7e+308,1.7e+308,Infinity,Infinity,Infinity
2013-12-27 09:22:00,1.7e+308,1.7e+308,1.7e+308,1.7e+308,Infinity,Infinity,Infinity
2013-12-27 09:23:00,1.7e+308,1.7e+308,1.7e+308,1.7e+308,Infinity,Infinity,Infinity
2013-12-27 09:24:00,1.7e+308,1.7e+308,1.7e+308,1.7e+308,Infinity,Infinity,Infinity
2013-12-27 09:25:00,785.305,785.305,785.3,785.3,0.23,183.84,785.3
2013-12-27 09:26:00,787.99999,788,787.99999,788,5.5,4334,788
2013-12-27 09:27:00,786.505,792.66113,786.505,792.66113,1.39,1098.03,791
2013-12-27 09:28:00,792.276,794,792.276,794,7.95,6304.39,792.74
2013-12-27 09:29:00,788.005,793.99999,788,793.99999,16.13,12789.55,793.1
2013-12-27 09:30:00,788,788,785.00001,785.00001,1,785.28,785.28
2013-12-27 09:31:00,788,790,785,790,2.84,2231.4,786.41
2013-12-27 09:32:00,789.99999,789.99999,789.99999,789.99999,0.79,627.5,790
2013-12-27 09:33:00,1.7e+308,1.7e+308,1.7e+308,1.7e+308,Infinity,Infinity,Infinity
2013-12-27 09:34:00,1.7e+308,1.7e+308,1.7e+308,1.7e+308,Infinity,Infinity,Infinity
2013-12-27 09:35:00,789.98663,789.98663,789.98663,789.98663,0.01,10.79,789.99
2013-12-27 09:36:00,789.98663,789.98663,789,789.98663,0.28,217.08,789.08
2013-12-27 09:37:00,790,795,790,790.10001,14.12,11207.01,793.53
2013-12-27 09:38:00,794.99999,795,794.99999,795,1,795,795
2013-12-27 09:39:00,793.00001,794.98663,793.00001,794.98663,0.15,117.04,794.7
2013-12-27 09:40:00,794.98663,795,794.98663,795,3.25,2587.62,795
2013-12-27 09:41:00,795.1,795.1,795.00001,795.00001,0.11,87.46,795.09
2013-12-27 09:42:00,795.00001,797,795.00001,797,1.93,1540.08,796.29
2013-12-27 09:43:00,797,797.74998,797,797.74998,2.54,2023.66,797.31
2013-12-27 09:44:00,797.74998,798.17999,797.74998,798.17999,12.16,9704.45,797.89
2013-12-27 09:45:00,798,806.73,798,806.73,160.01,128192.6,801.16
2013-12-27 09:46:00,806.742,808,798.005,803.21771,11.78,9487.14,805.5
2013-12-27 09:47:00,807.882,809.5,804.253,808,29.07,23516.73,808.97
2013-12-27 09:48:00,808.00001,809.095,804.80637,808,5.87,4735.21,806.79
2013-12-27 09:49:00,808,809.42499,806.095,809.42499,9.06,7327.67,809.1
2013-12-27 09:50:00,808.85,809.42499,806.1,806.1,2.8,2257.64,806.72
2013-12-27 09:51:00,806.1,809.42499,806.1,809.41162,0.6,483.62,809.25
2013-12-27 09:52:00,806.1,806.1,804.005,804.005,0.2,160.4,805.63
2013-12-27 09:53:00,804.1,810,804.00501,805.00001,25.34,20507.7,809.43
2013-12-27 09:54:00,805.5,809.2,805.5,809.2,1.56,1254.67,806.56
2013-12-27 09:55:00,805.5,809.32,805.5,809.32,1.5,1210.13,806.76
2013-12-27 09:56:00,805.50001,809.32,805.5,806.31999,6.37,5149.68,808.21
2013-12-27 09:57:00,806.31999,809.25,806.31999,809.25,7.01,5669.69,808.83
2013-12-27 09:58:00,809.25,809.25,809.25,809.25,6.05,4895.64,809.25
2013-12-27 09:59:00,809.25,809.25,809.25,809.25,5.65,4571.62,809.25
2013-12-27 10:00:00,809.25,810,806.31999,808,35.48,28691.65,808.63
2013-12-27 10:01:00,808,810,808,810,3.06,2480.1,809.99
2013-12-27 10:02:00,809.98663,809.99999,809.98663,809.99999,6.26,5069.59,810
2013-12-27 10:03:00,806.41001,806.5,805,805,6,4835.52,805.92
2013-12-27 10:04:00,805,809.995,805,805,1.05,847.54,805.19
2013-12-27 10:05:00,805.001,808.99999,805,805.00001,6.05,4872.71,805.01
2013-12-27 10:06:00,805.00001,805.00001,805.00001,805.00001,4.63,3730.96,805
2013-12-27 10:07:00,805.00001,805.00001,805,805,11.03,8879.15,805
2013-12-27 10:08:00,808.9998,808.9998,805,807.99999,0.61,491.42,805.61
2013-12-27 10:09:00,805,812,805,812,50.64,41000.28,809.68
2013-12-27 10:10:00,812,813.7,810.97,813,62.78,51040.66,813.03
2013-12-27 10:11:00,813,813.7,813,813.7,9.42,7666.56,813.46
2013-12-27 10:12:00,813.966,814.94999,813.966,814,50.13,40814.38,814.18
2013-12-27 10:13:00,814,814.94998,811.19719,814.84499,3.37,2744.02,814
2013-12-27 10:14:00,814,814,809.78661,809.78661,0.56,451.45,809.98
2013-12-27 10:15:00,809.78661,813.985,809.78661,813.98,1.91,1553.69,813.96
2013-12-27 10:16:00,807.44439,807.44439,806.00501,806.00501,5.1,4111.03,806.09
2013-12-27 10:17:00,813.695,813.7,813.435,813.435,0.56,454.54,813.69
2013-12-27 10:18:00,813.41,813.41,812.985,812.985,0.05,40.66,813.16
2013-12-27 10:19:00,812.985,812.99,812,812.99,1.45,1176.41,812.98
2013-12-27 10:20:00,1.7e+308,1.7e+308,1.7e+308,1.7e+308,Infinity,Infinity,Infinity
2013-12-27 10:21:00,806.60593,806.60593,806.60593,806.60593,0.27,213.75,806.61
2013-12-27 10:22:00,806.60092,806.7,805,806.7,31.25,25165.81,805.24
2013-12-27 10:23:00,808.20165,814,806.7,813.995,9.53,7739.68,812.14
2013-12-27 10:24:00,813.94998,813.94998,813.94998,813.94998,0.2,162.79,813.95
2013-12-27 10:25:00,807.1,813.85997,807.005,813.85997,0.3,244.31,807.37
2013-12-27 10:26:00,813.81495,813.81495,813.81495,813.81495,0.35,284.84,813.81
2013-12-27 10:27:00,812.995,813.73992,812.995,813.73992,2.06,1677.74,813.25
2013-12-27 10:28:00,1.7e+308,1.7e+308,1.7e+308,1.7e+308,Infinity,Infinity,Infinity
2013-12-27 10:29:00,811.995,812,811.995,812,0.72,586.45,812
2013-12-27 10:30:00,811.995,811.995,807.005,807.005,0.18,147.05,808.61
2013-12-27 10:31:00,811.995,811.995,811.995,811.995,0.03,23,812
2013-12-27 10:32:00,807.005,807.005,807,807,1.03,827.66,807
2013-12-27 10:33:00,1.7e+308,1.7e+308,1.7e+308,1.7e+308,Infinity,Infinity,Infinity
2013-12-27 10:34:00,1.7e+308,1.7e+308,1.7e+308,1.7e+308,Infinity,Infinity,Infinity
2013-12-27 10:35:00,807,807,801.11013,801.11013,42,33692.33,802.2
2013-12-27 10:36:00,1.7e+308,1.7e+308,1.7e+308,1.7e+308,Infinity,Infinity,Infinity
2013-12-27 10:37:00,809.87996,810.5,809.87996,810.5,4,3240.72,810.18
2013-12-27 10:38:00,808.05,808.05,808.05,808.05,0.05,40.4,808.05
2013-12-27 10:39:00,802.395,802.395,801.30019,801.30019,1.39,1113.84,801.32
2013-12-27 10:40:00,803.3152,809.97496,801.3302,809.97496,3.14,2518.22,801.54
2013-12-27 10:41:00,802,802,802,802,0.05,40.1,802
2013-12-27 10:42:00,1.7e+308,1.7e+308,1.7e+308,1.7e+308,Infinity,Infinity,Infinity
2013-12-27 10:43:00,803.005,803.005,803.005,803.005,0.2,160.6,803.01
2013-12-27 10:44:00,803.005,809.99997,803.005,809.99997,2.93,2367.87,809.2
2013-12-27 10:45:00,803.005,809.99498,803.005,803.005,5.1,4114.94,807.05
2013-12-27 10:46:00,1.7e+308,1.7e+308,1.7e+308,1.7e+308,Infinity,Infinity,Infinity
2013-12-27 10:47:00,803.15502,803.15502,803.15502,803.15502,0.34,269.91,803.16
2013-12-27 10:48:00,805,805,803.2,803.2,6.53,5256.18,804.44
2013-12-27 10:49:00,803.2,803.2,803.16,803.18003,5,4015.9,803.18
2013-12-27 10:50:00,803.18003,803.18003,803,803,9.44,7583.97,803.14
2013-12-27 10:51:00,803.005,804,803,803,3,2409.11,803.04
2013-12-27 10:52:00,803,803,802,802,17.44,13994.39,802.61
2013-12-27 10:53:00,802,809.4517,800.5,800.50001,67.33,53909.52,800.65
2013-12-27 10:54:00,800.50001,801,800.5,800.5,15.45,12367.76,800.5
2013-12-27 10:55:00,800.5,800.5,795.81696,798.134,46.87,37493.74,799.92
2013-12-27 10:56:00,796.27701,796.37701,796.27701,796.37701,0.54,430.02,796.37
2013-12-27 10:57:00,795.81696,795.81696,795.00001,795.00001,4.91,3907.72,795.46
2013-12-27 10:58:00,795.01,795.81,795.01,795.81,15.28,12144.19,795.04
2013-12-27 10:59:00,795.15004,795.348,795.15004,795.338,5.72,4546.15,795.19
2013-12-27 11:00:00,796.00001,796.6,796.00001,796.6,1.74,1388.01,796.02
2013-12-27 11:01:00,796.6,796.6,796.50001,796.50001,7,5575.63,796.52
2013-12-27 11:02:00,799,802.99499,798,798,1.52,1218.79,800.65
2013-12-27 11:03:00,798,798,798,798,0.01,7.98,798
2013-12-27 11:04:00,797.005,801.43043,797,797.005,5.25,4180.85,797.02
2013-12-27 11:05:00,798,798,797,797,5.05,4025.26,797.08
2013-12-27 11:06:00,801.43043,801.43043,797,797.2,6.39,5094.91,797.8
2013-12-27 11:07:00,801.43043,801.43043,797.2,797.2,0.41,326.97,797.49
2013-12-27 11:08:00,801.43043,802.98494,798,798,2.55,2041.14,801.55
2013-12-27 11:09:00,1.7e+308,1.7e+308,1.7e+308,1.7e+308,Infinity,Infinity,Infinity
2013-12-27 11:10:00,799,799,798,798,0.43,343.48,798.79
2013-12-27 11:11:00,801.43043,801.43043,801.43043,801.43043,0.12,94.55,801.43
2013-12-27 11:12:00,798,798,798,798,0.03,19.95,798
2013-12-27 11:13:00,798.1,798.134,796.5,798.134,39.75,31689.85,797.23
2013-12-27 11:14:00,801.4,801.4,801.4,801.4,0.01,8.01,801.4
2013-12-27 11:15:00,801.4,801.43043,797,797,9.2,7335.39,797.35
2013-12-27 11:16:00,802,802,800,800,0.94,748.57,800.53
2013-12-27 11:17:00,802.8,802.99999,801.43043,802.99999,1.09,875.08,802.87
2013-12-27 11:18:00,802.99999,802.99999,800,800,7.02,5633.67,802.52
2013-12-27 11:19:00,800,802.99999,800,800.9,2.45,1961.8,801.2
2013-12-27 11:20:00,800.9,802,800.00001,800.00001,6.24,4997.86,800.87
2013-12-27 11:21:00,800.00002,801.43043,800,801.43043,4.11,3288.51,800.13
2013-12-27 11:22:00,802.99999,803,800,800,2.6,2083.24,800.5
2013-12-27 11:23:00,801,802.99999,800,801.43043,1.3,1040.17,800.13
2013-12-27 11:24:00,802,803,800.21,803,3.71,2972.26,801.17
2013-12-27 11:25:00,801,811.96999,800.22001,800.22001,29.42,23773.33,807.97
2013-12-27 11:26:00,803.85029,809.28457,797,809.27456,58.51,46758.29,799.19
2013-12-27 11:27:00,801.43043,807.99999,800.3,801.43043,1.17,937.52,800.7
2013-12-27 11:28:00,801.43043,807.995,798.134,804.35253,0.5,399.96,802
2013-12-27 11:29:00,801,801,797.15177,797.15177,0.15,122.52,798.96
2013-12-27 11:30:00,797.14678,820.52685,797.14677,820.52685,719.93,588263.19,817.11
2013-12-27 11:31:00,819.999,820.52685,801,815,7.47,6029.41,807.55
2013-12-27 11:32:00,807.758,814,802.45501,804.21,9.95,8022.46,805.99
2013-12-27 11:33:00,813.966,813.99997,807,807,1.64,1334.35,811.6
2013-12-27 11:34:00,812.746,813.96598,807.01001,811,2.69,2191.48,813.54
2013-12-27 11:35:00,811,811,811,811,0.01,8.11,811
2013-12-27 11:36:00,810.005,810.76834,810,810.76834,1.03,834.33,810.03
2013-12-27 11:37:00,810.76834,810.76834,810,810.1,1.52,1232.9,810.01
2013-12-27 11:38:00,810.1,810.1,810.1,810.1,0.5,405.05,810.1
2013-12-27 11:39:00,810.1,811,810.00001,810.1,5.73,4643.34,810.03
2013-12-27 11:40:00,810.1,811,806.79847,806.79847,19.56,15824.94,809.13
2013-12-27 11:41:00,806.79847,810.9,803.01001,803.01001,9.35,7518.68,803.72
2013-12-27 11:42:00,804,810.835,803,805,19.08,15344,804.19
2013-12-27 11:43:00,810.835,810.835,805,810.835,1.06,853.65,805.33
2013-12-27 11:44:00,810.825,811,805.01001,810.00001,17.8,14399.48,809.17
2013-12-27 11:45:00,811,819,811,815.04243,40.65,33076.95,813.67
2013-12-27 11:46:00,815.04243,815.04243,811.2136,815.04243,0.31,250.07,811.77
2013-12-27 11:47:00,815.04243,817.45904,812.6835,812.68351,0.94,765.31,812.81
2013-12-27 11:48:00,812.68351,815,811,811.00001,1.82,1473.43,811.27
2013-12-27 11:49:00,811.00001,814.99999,811.00001,811.02003,18.06,14647.22,811.03
2013-12-27 11:50:00,811.02003,814.99999,811.02003,811.02003,18.03,14619.86,811.04
2013-12-27 11:51:00,814.99998,815,810,814.99999,4.42,3585.11,810.34
2013-12-27 11:52:00,815,817.45904,810.09014,817.45904,64.6,52345.36,810.31
2013-12-27 11:53:00,817.45904,817.45904,810,810,100.04,81035.34,810.03
2013-12-27 11:54:00,814,819,810.01,814.17103,11.98,9790.06,817.5
2013-12-27 11:55:00,814.17103,817.45904,803.01,810.0095,45.98,37184.81,808.66
2013-12-27 11:56:00,803.94745,811,803.01001,808.95617,1.16,936.59,804.05
2013-12-27 11:57:00,811,811,811,811,0.14,113.54,811
2013-12-27 11:58:00,811,812.746,803.32,812.746,5.6,4536.6,810.3
2013-12-27 11:59:00,812.746,816.995,811.005,811.005,0.48,393.26,816.03
2013-12-27 12:00:00,814.99999,819,811.01502,818.995,17.01,13871.6,815.64
2013-12-27 12:01:00,818.995,819,811.005,811.005,0.67,551.51,817.2
2013-12-27 12:02:00,811.005,812,811.005,811.00501,4.12,3343.05,811.08
2013-12-27 12:03:00,812,816,811.00501,811.00501,2.36,1912.02,811.66
2013-12-27 12:04:00,811.00501,825,811.00501,818.85999,279.62,230291.14,823.58
2013-12-27 12:05:00,822.95565,824.95017,812.10002,812.12,57.99,47751.89,823.41
2013-12-27 12:06:00,820,824.69742,813.02502,813.03503,62.84,51644.8,821.8
2013-12-27 12:07:00,817.45904,835,817.45904,825,244.12,202681.05,830.25
2013-12-27 12:08:00,825,837,824,824.00002,123.21,102815.86,834.47
2013-12-27 12:09:00,825,825.00501,824.1,825.00001,17.4,14356.81,825
2013-12-27 12:10:00,825.99999,825.99999,825.00001,825.00001,11.53,9515.2,825.01
2013-12-27 12:11:00,825.0001,825.0001,825,825,32.79,27053.07,825
2013-12-27 12:12:00,825,825.00001,825,825,89.43,73783.48,825
2013-12-27 12:13:00,824.1,825,809.48169,809.48169,156.63,127629.39,814.85
2013-12-27 12:14:00,812.614,823,810.182,823,0.18,149.74,812.31
2013-12-27 12:15:00,813.832,815.29833,811.3,811.3,0.08,64.3,813.88
2013-12-27 12:16:00,1.7e+308,1.7e+308,1.7e+308,1.7e+308,Infinity,Infinity,Infinity
2013-12-27 12:17:00,813.85415,813.85415,813.85415,813.85415,2.02,1645.43,813.85
2013-12-27 12:18:00,813.85415,815.29833,813.85415,815.29833,1.91,1556.08,815.12
2013-12-27 12:19:00,815.29833,818.878,813.605,818.878,10.92,8931.59,817.59
2013-12-27 12:20:00,819.83,819.99999,819.83,819.99999,2.96,2428.02,820
2013-12-27 12:21:00,817,817,817,817,3.04,2482.05,817
2013-12-27 12:22:00,1.7e+308,1.7e+308,1.7e+308,1.7e+308,Infinity,Infinity,Infinity
2013-12-27 12:23:00,817,817,817,817,0.21,168.24,817
2013-12-27 12:24:00,1.7e+308,1.7e+308,1.7e+308,1.7e+308,Infinity,Infinity,Infinity
2013-12-27 12:25:00,815.0001,817,813.61005,813.61005,0.74,603.07,814.82
2013-12-27 12:26:00,813.63505,817.45904,813.63505,817.45904,2.82,2306.89,816.62
2013-12-27 12:27:00,818.99,818.99,813.51002,813.51002,11.47,9335.07,813.68
2013-12-27 12:28:00,817,817.45904,817,817.45904,0.9,735.41,817.12
2013-12-27 12:29:00,1.7e+308,1.7e+308,1.7e+308,1.7e+308,Infinity,Infinity,Infinity
2013-12-27 12:30:00,1.7e+308,1.7e+308,1.7e+308,1.7e+308,Infinity,Infinity,Infinity
2013-12-27 12:31:00,816.80171,817.45904,816,816,0.32,257.25,816.46
2013-12-27 12:32:00,816,816,814.00501,814.00501,6.12,4982.33,814.02
2013-12-27 12:33:00,816,816,816,816,0.1,81.6,816
2013-12-27 12:34:00,814.01001,814.01001,814.00501,814.00501,2,1628.01,814.01
2013-12-27 12:35:00,1.7e+308,1.7e+308,1.7e+308,1.7e+308,Infinity,Infinity,Infinity
2013-12-27 12:36:00,1.7e+308,1.7e+308,1.7e+308,1.7e+308,Infinity,Infinity,Infinity
2013-12-27 12:37:00,1.7e+308,1.7e+308,1.7e+308,1.7e+308,Infinity,Infinity,Infinity
2013-12-27 12:38:00,815.00001,819.98,815.00001,819.98,2.68,2189.55,817
2013-12-27 12:39:00,819.97999,822,819.97999,822,12.83,10527.23,820.35
2013-12-27 12:40:00,822,823,820,823,5.48,4498.75,820.61
2013-12-27 12:41:00,822.573,824.99,820,820,11.25,9265.29,823.9
2013-12-27 12:42:00,822,829.65,820,822,53.33,44074.72,826.48
2013-12-27 12:43:00,824,824,822.00001,822.00001,0.92,759.75,822.65
2013-12-27 12:44:00,824,825.89,824,824,1.75,1443.59,824.54
2013-12-27 12:45:00,824,824,822.00001,822.00001,0.33,274.38,822.36
2013-12-27 12:46:00,822.00001,822.00001,818.82003,818.82003,3.86,3165.65,820.8
2013-12-27 12:47:00,1.7e+308,1.7e+308,1.7e+308,1.7e+308,Infinity,Infinity,Infinity
2013-12-27 12:48:00,819.01,825.885,819.01,825.885,0.46,374.79,820.52
2013-12-27 12:49:00,825.885,825.89,819.01,819.01,1.31,1075.6,820.58
2013-12-27 12:50:00,819.5,825.89,819.5,819.62,1.46,1200.04,820.02
2013-12-27 12:51:00,820,825.89,820,821,1.6,1317.41,820.96
2013-12-27 12:52:00,821.00001,830.54548,821.00001,822.00001,15.81,13087.19,827.59
2013-12-27 12:53:00,830,830.53048,822.00002,830.15,0.78,647.21,825.87
2013-12-27 12:54:00,823,830.15,823,825,10.69,8823.68,825.16
2013-12-27 12:55:00,829.99999,830,825,825,1.88,1559.01,828.53
2013-12-27 12:56:00,825.00001,829,825,829,2.07,1716.86,827.95
2013-12-27 12:57:00,825.00001,829,825,828.98999,20.66,17043.72,825.09
2013-12-27 12:58:00,828.98,828.98,825,825,6.4,5280.32,825.03
2013-12-27 12:59:00,825.38278,825.38279,821.00001,824.99999,12.73,10490.55,824.37
2013-12-27 13:00:00,824.99999,824.99999,821.1,824.9,3.45,2842.46,824.72
2013-12-27 13:01:00,824,824,821,822,11.57,9502.31,821.19
2013-12-27 13:02:00,821.00001,821.99,821.00001,821.00001,7.83,6430.14,821.02
2013-12-27 13:03:00,821.00004,821.00004,821,821.00001,32.85,26968.93,821
2013-12-27 13:04:00,821.00001,821.00001,819.5,819.5,8.32,6822.54,820.35
2013-12-27 13:05:00,819.952,827.32498,818.30001,826.284,10.8,8852.81,819.58
2013-12-27 13:06:00,827.31998,827.31998,818.30001,818.305,2.55,2087.47,818.45
2013-12-27 13:07:00,818.305,823.995,818.3,818.724,0.99,813.57,819.56
2013-12-27 13:08:00,823.995,823.99999,818.3,818.3,3.28,2693.71,820.24
2013-12-27 13:09:00,818.3,824,817.755,820,20.87,17106.09,819.53
2013-12-27 13:10:00,820,820.00001,820,820,20.16,16527.36,820
2013-12-27 13:11:00,820,820,815.29005,819.98,24.11,19748.77,819.17
2013-12-27 13:12:00,819.97999,819.98,815.29005,817.45904,0.36,293.23,816.13
2013-12-27 13:13:00,815.29005,819.99999,815.29005,815.29005,0.43,350.75,815.7
2013-12-27 13:14:00,817.45904,820,815.29005,820,12.83,10471.87,816.15
2013-12-27 13:15:00,815.30005,820,815.30005,816,0.38,310.03,815.87
2013-12-27 13:16:00,816,819.88007,815.27008,817.45904,8.32,6782.3,815.36
2013-12-27 13:17:00,815.27008,820,815.27008,820,4.42,3618.79,818.73
2013-12-27 13:18:00,820,824,816.13,816.13,26.64,21915.72,822.61
2013-12-27 13:19:00,817.45904,820.005,817.45904,820,13.33,10933.64,819.96
2013-12-27 13:20:00,820,824,815,815.29509,110.68,90426.34,817.01
2013-12-27 13:21:00,815.36,815.36,815.36,815.36,0.09,73.38,815.36
2013-12-27 13:22:00,817.45904,817.45904,815.39001,815.39001,0.51,415.87,815.43
2013-12-27 13:23:00,815.4,815.4,815,815.4,1.63,1331.65,815.23
2013-12-27 13:24:00,815.27008,815.27008,815.27008,815.27008,0.98,801.54,815.27
2013-12-27 13:25:00,815.4,815.4,815.4,815.4,1.05,856.17,815.4
2013-12-27 13:26:00,817.45904,819.99985,815.40005,815.40005,0.99,814.23,818.99
2013-12-27 13:27:00,1.7e+308,1.7e+308,1.7e+308,1.7e+308,Infinity,Infinity,Infinity
2013-12-27 13:28:00,815.40005,815.40005,815.4,815.40001,9.09,7409.85,815.4
2013-12-27 13:29:00,815.4,815.4,815,815,62.7,51099.1,815.04
2013-12-27 13:30:00,815,815.0005,815,815,2.12,1727.67,815
2013-12-27 13:31:00,815,815,813.62,813.62,51.67,42109.73,814.96
2013-12-27 13:32:00,814,820.95,812.77475,820.95,10.27,8389.89,816.54
2013-12-27 13:33:00,812.77975,812.77975,812.77475,812.77975,1.11,898.88,812.78
2013-12-27 13:34:00,812.77975,813,812,813,8.95,7269.05,812.18
2013-12-27 13:35:00,815,815,815,815,0.14,114.75,815
2013-12-27 13:36:00,815,819.91399,813.005,813.005,1.05,860.03,817.78
2013-12-27 13:37:00,1.7e+308,1.7e+308,1.7e+308,1.7e+308,Infinity,Infinity,Infinity
2013-12-27 13:38:00,1.7e+308,1.7e+308,1.7e+308,1.7e+308,Infinity,Infinity,Infinity
2013-12-27 13:39:00,816.05238,819,813,813,12.33,10079.68,817.22
2013-12-27 13:40:00,813,813,812,812,5,4061.13,812.23
2013-12-27 13:41:00,1.7e+308,1.7e+308,1.7e+308,1.7e+308,Infinity,Infinity,Infinity
2013-12-27 13:42:00,812.614,812.614,812,812,1.43,1161.66,812.05
2013-12-27 13:43:00,812.614,812.614,808.73349,808.73349,7.99,6473.16,810.37
2013-12-27 13:44:00,814.995,814.995,814.995,814.995,0.09,73.12,815
2013-12-27 13:45:00,1.7e+308,1.7e+308,1.7e+308,1.7e+308,Infinity,Infinity,Infinity
2013-12-27 13:46:00,1.7e+308,1.7e+308,1.7e+308,1.7e+308,Infinity,Infinity,Infinity
2013-12-27 13:47:00,1.7e+308,1.7e+308,1.7e+308,1.7e+308,Infinity,Infinity,Infinity
2013-12-27 13:48:00,1.7e+308,1.7e+308,1.7e+308,1.7e+308,Infinity,Infinity,Infinity
2013-12-27 13:49:00,1.7e+308,1.7e+308,1.7e+308,1.7e+308,Infinity,Infinity,Infinity
2013-12-27 13:50:00,808.74686,810,808.73349,810,0.64,514.8,809.23
2013-12-27 13:51:00,810,810,810,810,0.05,41.88,810
2013-12-27 13:52:00,812,814,812,814,15.3,12453.73,813.97
2013-12-27 13:53:00,814,814,811.00001,811.00001,0.65,528.9,813.36
2013-12-27 13:54:00,811.00001,811.00001,807.79452,807.79452,8.6,6966.07,810.21
2013-12-27 13:55:00,1.7e+308,1.7e+308,1.7e+308,1.7e+308,Infinity,Infinity,Infinity
2013-12-27 13:56:00,813.995,813.995,804.68982,804.68982,85,68536.44,806.31
2013-12-27 13:57:00,813.995,813.99999,804.68982,804.68982,2.52,2046.6,812.08
2013-12-27 13:58:00,804.71482,807,804.68982,804.68982,18.15,14602.45,804.7
2013-12-27 13:59:00,804.70484,813.78999,804.68982,804.71,1.31,1051.71,805.04
2013-12-27 14:00:00,804.77007,804.77007,804.71,804.71,0.39,311.89,804.73
2013-12-27 14:01:00,804.79009,804.79009,804.79009,804.79009,0.09,71.63,804.79
2013-12-27 14:02:00,805.68982,813.09998,805.68982,813.09998,2.02,1626.25,806.81
2013-12-27 14:03:00,812.758,813,812.758,813,0.08,65.03,812.85
2013-12-27 14:04:00,806.01,806.01,800,804,128.81,103321.76,802.15
2013-12-27 14:05:00,802.94,804,802.94,804,0.3,240.89,802.95
2013-12-27 14:06:00,801.43043,812.97999,800,812.97999,25.86,20892.53,808.01
2013-12-27 14:07:00,800.86318,812.99498,800.86318,812.99498,0.76,616.75,808.46
2013-12-27 14:08:00,804.86503,804.86503,800.86318,801.43043,0.44,349.87,801.6
2013-12-27 14:09:00,802.931,802.931,802.56318,802.56318,0.34,270.98,802.62
2013-12-27 14:10:00,802.56818,802.931,800,800,23.48,18803.81,800.98
2013-12-27 14:11:00,800,800,796,796,87.55,69791.5,797.13
2013-12-27 14:12:00,799.99999,800,799.99999,800,2.38,1905.92,800
2013-12-27 14:13:00,800,800,800,800,0.09,73.88,800
2013-12-27 14:14:00,799,799,799,799,0.08,63.92,799
2013-12-27 14:15:00,796.76,804.99999,796.76,804.99999,9.29,7458.59,802.7
2013-12-27 14:16:00,1.7e+308,1.7e+308,1.7e+308,1.7e+308,Infinity,Infinity,Infinity
2013-12-27 14:17:00,805,805,805,805,0.04,34.62,805
2013-12-27 14:18:00,805.53609,805.54108,805.53609,805.54108,3.5,2819.39,805.54
2013-12-27 14:19:00,1.7e+308,1.7e+308,1.7e+308,1.7e+308,Infinity,Infinity,Infinity
2013-12-27 14:20:00,805.1,805.1,805,805,1.04,837.2,805
2013-12-27 14:21:00,1.7e+308,1.7e+308,1.7e+308,1.7e+308,Infinity,Infinity,Infinity
2013-12-27 14:22:00,804.99988,805,801,805,8.82,7101.02,805
2013-12-27 14:23:00,805.54109,805.54109,805.54109,805.54109,1,805.54,805.54
2013-12-27 14:24:00,805.5,805.5,805,805,0.7,565.67,805.14
2013-12-27 14:25:00,805,805,805,805,0.02,16.03,805
2013-12-27 14:26:00,805,805,805,805,1.17,939.23,805
2013-12-27 14:27:00,805,805.5,805,805.5,1.27,1021.96,805.37
2013-12-27 14:28:00,805.5,805.5,805.5,805.5,0.09,75.99,805.5
2013-12-27 14:29:00,805.5,805.5,805.5,805.5,0.34,270.33,805.5
2013-12-27 14:30:00,805.5,805.5,805.1,805.1,1.66,1333.08,805.1
2013-12-27 14:31:00,805.10001,805.10001,805.10001,805.10001,0.03,26.2,805.1
2013-12-27 14:32:00,805.15,805.15,805.15,805.15,0.02,17.09,805.15
2013-12-27 14:33:00,805.15,805.15,805,805,3.66,2945.74,805.06
2013-12-27 14:34:00,805,805,805,805,2.54,2047.81,805
2013-12-27 14:35:00,805,805,805,805,4,3220,805
2013-12-27 14:36:00,1.7e+308,1.7e+308,1.7e+308,1.7e+308,Infinity,Infinity,Infinity
2013-12-27 14:37:00,805.1,805.1,805,805,9.33,7507.73,805.09
2013-12-27 14:38:00,805.5,809,805,805,6.25,5045.7,807.41
2013-12-27 14:39:00,808.995,812.72996,808.995,812.72996,14.9,12087.33,810.96
2013-12-27 14:40:00,1.7e+308,1.7e+308,1.7e+308,1.7e+308,Infinity,Infinity,Infinity
2013-12-27 14:41:00,1.7e+308,1.7e+308,1.7e+308,1.7e+308,Infinity,Infinity,Infinity
2013-12-27 14:42:00,810,810.10901,809.99,809.99,5.61,4541.05,810.09
2013-12-27 14:43:00,806.91204,809.99,806.90704,806.90704,2.32,1873.47,807.24
2013-12-27 14:44:00,1.7e+308,1.7e+308,1.7e+308,1.7e+308,Infinity,Infinity,Infinity
2013-12-27 14:45:00,806.90704,806.90704,806.90704,806.90704,1.16,937.25,806.91
2013-12-27 14:46:00,806.90704,806.90704,806,806,0.98,787.48,806.64
2013-12-27 14:47:00,805,805,801.2,801.2,11.94,9589.44,803.06
2013-12-27 14:48:00,806,806.62848,806,806.62848,1.31,1054.94,806.19
2013-12-27 14:49:00,1.7e+308,1.7e+308,1.7e+308,1.7e+308,Infinity,Infinity,Infinity
2013-12-27 14:50:00,1.7e+308,1.7e+308,1.7e+308,1.7e+308,Infinity,Infinity,Infinity
2013-12-27 14:51:00,1.7e+308,1.7e+308,1.7e+308,1.7e+308,Infinity,Infinity,Infinity
2013-12-27 14:52:00,1.7e+308,1.7e+308,1.7e+308,1.7e+308,Infinity,Infinity,Infinity
2013-12-27 14:53:00,802.1,802.1,800.25618,800.25618,10,8013.3,801.33
2013-12-27 14:54:00,800.46335,800.46335,800.1,800.1,2.23,1784.02,800.22
2013-12-27 14:55:00,1.7e+308,1.7e+308,1.7e+308,1.7e+308,Infinity,Infinity,Infinity
2013-12-27 14:56:00,1.7e+308,1.7e+308,1.7e+308,1.7e+308,Infinity,Infinity,Infinity
2013-12-27 14:57:00,1.7e+308,1.7e+308,1.7e+308,1.7e+308,Infinity,Infinity,Infinity
2013-12-27 14:58:00,1.7e+308,1.7e+308,1.7e+308,1.7e+308,Infinity,Infinity,Infinity
2013-12-27 14:59:00,1.7e+308,1.7e+308,1.7e+308,1.7e+308,Infinity,Infinity,Infinity
2013-12-27 15:00:00,800.05,803,798,798,6.25,5001.92,800.52
2013-12-27 15:01:00,798,798,797,798,1.57,1251.16,797.94
2013-12-27 15:02:00,797,797,797,797,0.02,15.94,797
2013-12-27 15:03:00,798,798,796,797,51.31,40854.35,796.16
2013-12-27 15:04:00,796,796,794,794,58.73,46696.99,795.11
2013-12-27 15:05:00,794,794,794,794,1.02,808.31,794
2013-12-27 15:06:00,794,797,794,797,10.06,8007.33,795.83
2013-12-27 15:07:00,797,797,794,794,2.42,1924.48,795.24
2013-12-27 15:08:00,794,795.11,793,793,16.66,13226.44,793.9
2013-12-27 15:09:00,795.11,795.11,793,793,5.93,4713.65,794.48
2013-12-27 15:10:00,793,797,793,797,6.56,5224.05,796.65
2013-12-27 15:11:00,793.115,793.115,793.115,793.115,0.24,192.68,793.12
2013-12-27 15:12:00,796,796,793.71,793.71,1.11,881.72,793.77
2013-12-27 15:13:00,793.71,793.71005,791.34,791.34,13.88,11007.22,792.96
2013-12-27 15:14:00,791.215,796.9,790,796.9,25.63,20263.85,790.48
2013-12-27 15:15:00,793,793,793,793,0.1,77.04,793
2013-12-27 15:16:00,790.1,790.1,790.1,790.1,0.24,189.11,790.1
2013-12-27 15:17:00,792,792,786.3614,789,69.51,54870.32,789.43
2013-12-27 15:18:00,787.444,792,786.3614,792,35.95,28433.06,790.99
2013-12-27 15:19:00,790,790,787,787,0.41,323.03,787.88
2013-12-27 15:20:00,790,790,790,790,0,0.17,790
2013-12-27 15:21:00,789.98,789.98,789.98,789.98,0.02,16.83,789.98
2013-12-27 15:22:00,789,790,789,790,35.1,27724.56,789.96
2013-12-27 15:23:00,790.12,792,790.12,792,4.12,3261.58,791.86
2013-12-27 15:24:00,792,795,787.50001,787.50001,29.3,23170.19,790.77
2013-12-27 15:25:00,793.477,800,786,786.00001,32.76,25826.38,788.27
2013-12-27 15:26:00,795.99999,795.99999,795.99999,795.99999,0.01,9.79,796
2013-12-27 15:27:00,795.99999,797.057,795.99999,796,4.68,3722.13,796.01
2013-12-27 15:28:00,796,796,787.445,787.445,3,2366.07,788.69
2013-12-27 15:29:00,788,788,787.445,787.445,1.25,984.45,787.56
2013-12-27 15:30:00,788,795.98199,788,795.98199,3.09,2443.33,789.69
2013-12-27 15:31:00,788.001,788.001,788,788,2,1576,788
2013-12-27 15:32:00,788.00102,788.2,788,788,5.28,4164.16,788.14
2013-12-27 15:33:00,794.995,795,788,788,7.04,5554.5,789
2013-12-27 15:34:00,788,795.005,788,788,5.55,4374.97,788.04
2013-12-27 15:35:00,795.005,795.005,788,789,8.01,6317.31,788.68
2013-12-27 15:36:00,789,794.975,788,794.975,19.13,15090.81,788.81
2013-12-27 15:37:00,788,789,788,789,3.82,3010.34,788.21
2013-12-27 15:38:00,789,789,788,788,1.7,1341.91,788.26
2013-12-27 15:39:00,788.02,794.99499,788.02,794.99499,3,2377.97,792.66
2013-12-27 15:40:00,1.7e+308,1.7e+308,1.7e+308,1.7e+308,Infinity,Infinity,Infinity
2013-12-27 15:41:00,793.995,794.99499,788.01,788.01001,11.34,8969.02,790.64
2013-12-27 15:42:00,788.01,788.01111,788.01,788.01111,1.24,973.57,788.01
2013-12-27 15:43:00,788.43,788.43,788.01,788.01,2,1576.45,788.23
2013-12-27 15:44:00,794.664,794.664,789.12,789.12,5.01,3953.55,789.13
2013-12-27 15:45:00,788.01001,794.669,788.01,789.12,13.98,11036.48,789.17
2013-12-27 15:46:00,789.12,794,788,794,11.15,8791.46,788.37
2013-12-27 15:47:00,794,794,788,788,6.3,4966.52,788.18
2013-12-27 15:48:00,788.12,788.12,788.12,788.12,3,2364.36,788.12
2013-12-27 15:49:00,788.12,788.12,787,787,3.26,2566.19,787.49
2013-12-27 15:50:00,1.7e+308,1.7e+308,1.7e+308,1.7e+308,Infinity,Infinity,Infinity
2013-12-27 15:51:00,787.00001,787.00001,787,787,1,787,787
2013-12-27 15:52:00,787.00001,787.00001,787,787,3,2361,787
2013-12-27 15:53:00,787,794,787,794,1.5,1182.78,788.52
2013-12-27 15:54:00,793.995,794,793.995,794,0.29,227.81,794
2013-12-27 15:55:00,787.111,799,787,787,55.37,44062.79,795.86
2013-12-27 15:56:00,788.00001,788.00001,786.10001,786.10001,4.68,3686.37,786.87
2013-12-27 15:57:00,786.26501,786.26503,786.1111,786.12001,3.48,2736.18,786.12
2013-12-27 15:58:00,787,787,786.3,786.3,0.01,8.46,786.96
2013-12-27 15:59:00,787.10002,787.10002,787.10001,787.10001,1,787.1,787.1
2013-12-27 16:00:00,787.10001,787.2,787.1,787.2,9.88,7772.81,787.11
2013-12-27 16:01:00,788,788,787.20001,787.20001,9.71,7641.29,787.2
2013-12-27 16:02:00,787.6,794.99999,786.1311,794.99999,24.89,19592.02,787.08
2013-12-27 16:03:00,795,795,795,795,0.01,7.95,795
2013-12-27 16:04:00,1.7e+308,1.7e+308,1.7e+308,1.7e+308,Infinity,Infinity,Infinity
2013-12-27 16:05:00,788.88,788.885,787.9,787.9,3,2365.72,788.57
2013-12-27 16:06:00,788.88,788.88,787.25001,787.25001,9.15,7210.69,788.33
2013-12-27 16:07:00,787.25167,787.25167,787.25167,787.25167,0.01,7.87,787.25
2013-12-27 16:08:00,790,794.55,790,794.55,2.45,1941.29,792.49
2013-12-27 16:09:00,794.5,798.90981,794.5,798.90981,23.84,18998.84,796.94
2013-12-27 16:10:00,798.90479,798.90972,798.90479,798.90972,3.6,2876.07,798.91
2013-12-27 16:11:00,795,798.77994,795,798.77994,1.82,1449.06,797.75
2013-12-27 16:12:00,798.77994,798.77994,798.77992,798.77992,0.68,542.29,798.78
2013-12-27 16:13:00,798.77982,798.77984,798.77982,798.77984,4.01,3203.11,798.78
2013-12-27 16:14:00,798.77973,798.77973,796,796,1.58,1261.28,797.41
2013-12-27 16:15:00,796,798.77958,795.1,798.77958,1.11,880.29,796.14
2013-12-27 16:16:00,798.77955,798.77955,795,795,5.01,3983.21,795.01
2013-12-27 16:17:00,1.7e+308,1.7e+308,1.7e+308,1.7e+308,Infinity,Infinity,Infinity
2013-12-27 16:18:00,795.1,797.99995,790,797.99995,27,21357.58,790.95
2013-12-27 16:19:00,797.99993,797.99993,797.99993,797.99993,0.5,399,798
2013-12-27 16:20:00,791,797.99993,791,797.99993,20.18,16099.73,797.99
2013-12-27 16:21:00,798.254,800,790.11236,799,72.43,57877.5,799.09
2013-12-27 16:22:00,800,802.5,799,800.9,22.52,18018.62,800.06
2013-12-27 16:23:00,800.9,800.9,800.9,800.9,3.83,3065.95,800.9
2013-12-27 16:24:00,800.9,800.9,788.30001,788.30001,20.89,16621.28,795.48
2013-12-27 16:25:00,792.177,796,787.21,796,32.24,25456.06,789.55
2013-12-27 16:26:00,789,803.059,789,803.059,0.99,793.52,799.55
2013-12-27 16:27:00,792.71931,792.71931,788.10001,788.10001,0.29,227.9,788.85
2013-12-27 16:28:00,793,803.49999,793,803.49999,1.81,1449.7,801.23
2013-12-27 16:29:00,798.254,804.9,789.40001,790,49.04,39271.14,800.77
2013-12-27 16:30:00,790,802.995,790,802.995,18.7,14773.44,790.01
2013-12-27 16:31:00,790.991,804.85495,790,790.00002,13.35,10713.34,802.48
2013-12-27 16:32:00,801,801,790.22001,790.22002,0.21,166.09,790.91
2013-12-27 16:33:00,790.991,802.91,790.22223,791.00001,0.59,471.22,798.67
2013-12-27 16:34:00,791.00002,791.00002,791.00002,791.00002,0.48,379.2,791
2013-12-27 16:35:00,798,798,798,798,0.21,165.59,798
2013-12-27 16:36:00,800,800,792,792.00001,32.97,26359.53,799.47
2013-12-27 16:37:00,800,802.89498,800,801.855,1.05,842.96,802.82
2013-12-27 16:38:00,801.905,804.79746,792,803.0123,14.28,11451.51,801.8
2013-12-27 16:39:00,802.985,802.98999,802.985,802.98999,1.61,1292.11,802.99
2013-12-27 16:40:00,801.855,802.97,792.5,801.98,12.64,10037.63,794.32
2013-12-27 16:41:00,796,796,796,796,1,796,796
2013-12-27 16:42:00,801.88999,801.89499,801.88999,801.89499,0.61,490.6,801.89
2013-12-27 16:43:00,1.7e+308,1.7e+308,1.7e+308,1.7e+308,Infinity,Infinity,Infinity
2013-12-27 16:44:00,797,797,797,797,0.27,215.19,797
2013-12-27 16:45:00,801.73498,801.73498,793,793,4.97,3969.5,798.17
2013-12-27 16:46:00,800,800,796,796,8.18,6533.81,798.53
2013-12-27 16:47:00,796,796,796,796,1,796,796
2013-12-27 16:48:00,796,800.98999,796,800.98999,0.78,619.82,797.28
2013-12-27 16:49:00,800.98499,800.98998,796,796,0.44,352.54,797.6
2013-12-27 16:50:00,1.7e+308,1.7e+308,1.7e+308,1.7e+308,Infinity,Infinity,Infinity
2013-12-27 16:51:00,796.005,796.01,795,796.01,4.85,3858.19,795.54
2013-12-27 16:52:00,796.02,796.02,796.02,796.02,0.15,117.64,796.02
2013-12-27 16:53:00,799.995,800,796.02,796.02,2.61,2083.21,796.95
2013-12-27 16:54:00,796.02,796.02,796.01,796.01,6.08,4839.96,796.01
2013-12-27 16:55:00,799.98499,801.855,799.98499,801.855,30.88,24712.62,800.21
2013-12-27 16:56:00,802.66666,802.77777,802.66666,802.77777,1.85,1487.66,802.72
2013-12-27 16:57:00,801,801,792.00102,792.00102,3,2385.55,795.18
2013-12-27 16:58:00,1.7e+308,1.7e+308,1.7e+308,1.7e+308,Infinity,Infinity,Infinity
2013-12-27 16:59:00,1.7e+308,1.7e+308,1.7e+308,1.7e+308,Infinity,Infinity,Infinity
2013-12-27 17:00:00,1.7e+308,1.7e+308,1.7e+308,1.7e+308,Infinity,Infinity,Infinity
2013-12-27 17:01:00,795,795,795,795,0.53,421.64,795
2013-12-27 17:02:00,800.653,800.653,800.653,800.653,0.01,8.01,800.65
2013-12-27 17:03:00,1.7e+308,1.7e+308,1.7e+308,1.7e+308,Infinity,Infinity,Infinity
2013-12-27 17:04:00,1.7e+308,1.7e+308,1.7e+308,1.7e+308,Infinity,Infinity,Infinity
2013-12-27 17:05:00,1.7e+308,1.7e+308,1.7e+308,1.7e+308,Infinity,Infinity,Infinity
2013-12-27 17:06:00,1.7e+308,1.7e+308,1.7e+308,1.7e+308,Infinity,Infinity,Infinity
2013-12-27 17:07:00,797,797,792.33335,792.33335,4.54,3602,792.8
2013-12-27 17:08:00,792.33501,799.453,792.13,799.453,0.61,481.81,792.3
2013-12-27 17:09:00,1.7e+308,1.7e+308,1.7e+308,1.7e+308,Infinity,Infinity,Infinity
2013-12-27 17:10:00,793,793,793,793,0.14,107.45,793
2013-12-27 17:11:00,1.7e+308,1.7e+308,1.7e+308,1.7e+308,Infinity,Infinity,Infinity
2013-12-27 17:12:00,1.7e+308,1.7e+308,1.7e+308,1.7e+308,Infinity,Infinity,Infinity
2013-12-27 17:13:00,1.7e+308,1.7e+308,1.7e+308,1.7e+308,Infinity,Infinity,Infinity
2013-12-27 17:14:00,1.7e+308,1.7e+308,1.7e+308,1.7e+308,Infinity,Infinity,Infinity
2013-12-27 17:15:00,798.927,798.965,793,797.99998,3.11,2469.32,793.91
2013-12-27 17:16:00,797.99999,797.99999,797.99999,797.99999,0.1,79.8,798
2013-12-27 17:17:00,1.7e+308,1.7e+308,1.7e+308,1.7e+308,Infinity,Infinity,Infinity
2013-12-27 17:18:00,793.1,793.1,793,793,1,793,793
2013-12-27 17:19:00,793,793.11,793,793.11,2.44,1938.4,793.06
2013-12-27 17:20:00,1.7e+308,1.7e+308,1.7e+308,1.7e+308,Infinity,Infinity,Infinity
2013-12-27 17:21:00,793.11,793.11,793.11,793.11,0.57,448.75,793.11
2013-12-27 17:22:00,793,793,793,793,2.11,1672.61,793
2013-12-27 17:23:00,793,793,792.10001,792.10001,5,3963.75,792.75
2013-12-27 17:24:00,1.7e+308,1.7e+308,1.7e+308,1.7e+308,Infinity,Infinity,Infinity
2013-12-27 17:25:00,793,793,793,793,0.43,344.31,793
2013-12-27 17:26:00,793,797.9,792.10001,797.9,5.43,4314.19,794.18
2013-12-27 17:27:00,792.10502,798,792.10502,792.11611,3.38,2691.44,797.16
2013-12-27 17:28:00,792.11611,798,792.11611,798,6.42,5092.54,793.71
2013-12-27 17:29:00,798,799,792.11111,799,2.26,1800.04,797.02
2013-12-27 17:30:00,799,799.49999,792.12501,797,0.73,582.08,797.4
2013-12-27 17:31:00,798,800,792.10001,792.12503,71.2,56791.55,797.66
2013-12-27 17:32:00,799.99998,799.99999,792.12503,799.99498,21.21,16816.63,792.92
2013-12-27 17:33:00,793.131,799.99998,792,792,25.76,20432.98,793.1
2013-12-27 17:34:00,792,792.02989,791.2,792.02,3.71,2934.19,791.8
2013-12-27 17:35:00,792.177,792.177,792.01,792.01,0.79,622.4,792.01
2013-12-27 17:36:00,792.258,792.268,792,792,0.72,566.94,792.1
2013-12-27 17:37:00,792,799.453,791.20002,792,5.2,4116.69,791.88
2013-12-27 17:38:00,792.011,792.011,791.20002,791.20002,5,3959.71,791.94
2013-12-27 17:39:00,792,792,792,792,1.5,1188,792
2013-12-27 17:40:00,792,792,791.10001,791.10001,3,2374.7,791.59
2013-12-27 17:41:00,1.7e+308,1.7e+308,1.7e+308,1.7e+308,Infinity,Infinity,Infinity
2013-12-27 17:42:00,1.7e+308,1.7e+308,1.7e+308,1.7e+308,Infinity,Infinity,Infinity
2013-12-27 17:43:00,791.2,797.87976,791.10001,797.87976,2.01,1590.18,791.13
2013-12-27 17:44:00,1.7e+308,1.7e+308,1.7e+308,1.7e+308,Infinity,Infinity,Infinity
2013-12-27 17:45:00,797.8781,799.99999,792,793.89037,14.27,11381.04,797.32
2013-12-27 17:46:00,799.98998,799.98998,793.89036,793.89536,0.68,538.58,793.98
2013-12-27 17:47:00,793.89536,798.5,793.89036,798.5,1,793.94,793.94
2013-12-27 17:48:00,798.5,798.5,798.5,798.5,0.01,7.99,798.5
2013-12-27 17:49:00,796,798,793.97,793.97,0.21,166.86,794.55
2013-12-27 17:50:00,798.39998,798.39999,793.89036,793.89036,1.26,1000.54,794.08
2013-12-27 17:51:00,798.39999,798.5,794.5678,798.5,2.5,1989.79,797.46
2013-12-27 17:52:00,794.5678,798.49999,793.89036,793.89036,2.74,2172.32,793.96
2013-12-27 17:53:00,793.89036,799.99999,793.89036,793.89037,9.53,7591.21,796.73
2013-12-27 17:54:00,793.89037,799.99499,793.89036,793.89036,6.59,5229.98,793.96
2013-12-27 17:55:00,793.89036,798.99998,793.89036,793.89037,12.25,9725.62,793.93
2013-12-27 17:56:00,793.89037,798.995,791.1,798.995,18.74,14849.7,792.4
2013-12-27 17:57:00,791.105,799.98998,791.1,799.8,33.56,26726.07,796.43
2013-12-27 17:58:00,799.8,799.89499,791.10001,791.10001,17.17,13675.76,796.35
2013-12-27 17:59:00,791.10501,799.89499,791.1,797.17878,5.89,4665.31,792.22
2013-12-27 18:00:00,797,797,791.1,791.1,10.8,8549.81,791.65
2013-12-27 18:01:00,791.105,795.99999,790.4,795.99999,49.14,38871.05,791.03
2013-12-27 18:02:00,795.99499,795.995,790,794.99999,16.97,13408.57,790.19
2013-12-27 18:03:00,795,795,787.97317,788,36.06,28484.94,789.91
2013-12-27 18:04:00,788,788,787,788,43.22,34018.28,787.11
2013-12-27 18:05:00,788,788,786.05001,788,2.16,1699.02,786.42
2013-12-27 18:06:00,788,795.88,786,795.88,16.31,12852.01,788.21
2013-12-27 18:07:00,795.86498,795.86498,786.1,795.82997,0.18,139.87,794.58
2013-12-27 18:08:00,795.82997,795.82997,787.87167,794.99498,0.71,561.32,794.95
2013-12-27 18:09:00,787.87167,787.87167,786.1,786.1,2,1572.22,786.11
2013-12-27 18:10:00,786.10166,794.98499,786,793.311,22.43,17631.49,786.19
2013-12-27 18:11:00,793.311,793.311,786.5,793.306,1.44,1134.08,788.57
2013-12-27 18:12:00,793.306,793.99999,786.515,791.99499,3.15,2500.42,793.78
2013-12-27 18:13:00,791.71,791.71,791.71,791.71,0.26,202.04,791.71
2013-12-27 18:14:00,788,793.99998,786.71,793.99998,5.12,4062.28,793.57
2013-12-27 18:15:00,1.7e+308,1.7e+308,1.7e+308,1.7e+308,Infinity,Infinity,Infinity
2013-12-27 18:16:00,793.98499,793.98499,793.50376,793.50376,0.06,49.32,793.88
2013-12-27 18:17:00,793.92999,793.93498,786.605,786.605,1.42,1126.56,791.76
2013-12-27 18:18:00,786.6,786.6,786.50001,786.50001,0.26,204.5,786.6
2013-12-27 18:19:00,786.72,786.72,786.72,786.72,0.01,7.87,786.72
2013-12-27 18:20:00,788.005,788.005,788,788,4,3152,788
2013-12-27 18:21:00,793.49912,793.49912,793.49912,793.49912,0.17,132.88,793.5
2013-12-27 18:22:00,1.7e+308,1.7e+308,1.7e+308,1.7e+308,Infinity,Infinity,Infinity
2013-12-27 18:23:00,792.99999,792.99999,789.01,789.01,5.04,3983.23,789.75
2013-12-27 18:24:00,789.01,789.01,786,786,12.11,9547.15,788.18
2013-12-27 18:25:00,788,790.99999,783.7,783.7,35.63,27991.71,785.53
2013-12-27 18:26:00,785,790.09499,783.7,790.09499,10.75,8430.86,783.97
2013-12-27 18:27:00,783.7,783.7,783.7,783.7,0.12,91.75,783.7
2013-12-27 18:28:00,783.7,787.99997,783.7,786.25,1.42,1114.07,784.4
2013-12-27 18:29:00,783.7,786.25,780.1,783.7,71.99,56265.36,781.54
2013-12-27 18:30:00,780.1,783.69999,780.1,780.1,9.6,7490.32,780.17
2013-12-27 18:31:00,780.1,782.99999,780.1,782.99999,14.54,11356.47,781.13
2013-12-27 18:32:00,782.99,782.99999,782.99,782.99999,2,1565.99,782.99
2013-12-27 18:33:00,782.99999,786.245,782.99999,786.245,12.71,9978.04,784.86
2013-12-27 18:34:00,785.00001,785.00001,785,785,1.52,1195.95,785
2013-12-27 18:35:00,785,788,785,788,10.53,8270.79,785.58
2013-12-27 18:36:00,787.995,788,787,787,1.02,801.25,787.98
2013-12-27 18:37:00,1.7e+308,1.7e+308,1.7e+308,1.7e+308,Infinity,Infinity,Infinity
2013-12-27 18:38:00,782.005,786.995,782,786.995,0.65,508.99,782.08
2013-12-27 18:39:00,786.99,787,782,782,24.42,19220.32,786.95
2013-12-27 18:40:00,1.7e+308,1.7e+308,1.7e+308,1.7e+308,Infinity,Infinity,Infinity
2013-12-27 18:41:00,782,787,781.705,787,1.09,853.05,785.34
2013-12-27 18:42:00,782,782,782,782,0.01,7.82,782
2013-12-27 18:43:00,782,782,782,782,0.14,109.48,782
2013-12-27 18:44:00,781.85248,781.85248,781,781,18.93,14791.51,781.19
2013-12-27 18:45:00,783,783,780,780,53.2,41516.88,780.43
2013-12-27 18:46:00,780.00001,780.5,780,780,1.8,1404.04,780.03
2013-12-27 18:47:00,780.01,780.01,780,780,33.3,25972.93,780
2013-12-27 18:48:00,783,783,780,780,20.58,16056.31,780.15
2013-12-27 18:49:00,780.005,780.005,780.005,780.005,0.3,234,780.01
2013-12-27 18:50:00,780.1,780.1,780,780,3.72,2905.23,780.03
2013-12-27 18:51:00,780,784,779.987,784,12.57,9832.38,782.38
2013-12-27 18:52:00,780,783.99999,779.987,783.99999,1.23,956.44,780.26
2013-12-27 18:53:00,779.987,779.987,779.987,779.987,0.77,603.52,779.99
2013-12-27 18:54:00,780.002,780.002,780.002,780.002,0.11,85.8,780
2013-12-27 18:55:00,780,780,780,780,1.09,846.45,780
2013-12-27 18:56:00,779.987,779.987,778.61032,778.61032,6.47,5040.94,778.98
2013-12-27 18:57:00,778.99999,779,777,777,24.86,19320.96,777.28
2013-12-27 18:58:00,777.773,778,777,778,2.62,2037.62,777.01
2013-12-27 18:59:00,778,778.99999,777,778,12.57,9772.09,777.26
2013-12-27 19:00:00,777.1,783.99499,777,783.99499,6.38,4972.32,778.83
2013-12-27 19:01:00,783.99999,783.99999,777,777.00001,2.37,1849.56,779
2013-12-27 19:02:00,778.2,778.2,777.2,777.2,0.05,39.33,778
2013-12-27 19:03:00,777.2,777.2,777,777,11.7,9092.51,777
2013-12-27 19:04:00,777,777,776,776,5.46,4238.73,776.96
2013-12-27 19:05:00,776.83043,777,776.83043,777,10.6,8235.47,776.93
2013-12-27 19:06:00,777,777,777,777,0.16,124.51,777
2013-12-27 19:07:00,1.7e+308,1.7e+308,1.7e+308,1.7e+308,Infinity,Infinity,Infinity
2013-12-27 19:08:00,777,783.99999,775,777,34.13,26478.89,775.84
2013-12-27 19:09:00,777.64222,777.64222,775.00001,775.00001,0.83,645.06,775.83
2013-12-27 19:10:00,775.00501,775.00501,775,775,6.86,5313.5,775
2013-12-27 19:11:00,775,780.49999,775,780.49999,0.36,282.94,778.72
2013-12-27 19:12:00,780.495,780.49999,775.00001,780.49999,1.04,807.86,776.7
2013-12-27 19:13:00,780.495,780.49999,775.00001,775.00001,2.21,1712.25,775.48
2013-12-27 19:14:00,780.48,780.49999,780.47,780.49999,1.01,789.08,780.49
2013-12-27 19:15:00,780.5,791.08999,780.49999,791.08999,111.1,87349.32,786.22
2013-12-27 19:16:00,791.08998,791.08998,786.87752,786.87752,9.16,7229.48,789.4
2013-12-27 19:17:00,791.03495,791.03994,786.87752,789.99999,15.03,11891.27,790.94
2013-12-27 19:18:00,789.99999,789.99999,782.96503,782.96503,2.38,1869.15,784.47
2013-12-27 19:19:00,782.96503,788.18543,782.96503,788,0.42,333.07,784.61
2013-12-27 19:20:00,788,790.97996,785.23,790.94992,2.29,1801.24,786.54
2013-12-27 19:21:00,789.67118,789.67617,782.96504,782.96504,1,782.8,785.41
2013-12-27 19:22:00,1.7e+308,1.7e+308,1.7e+308,1.7e+308,Infinity,Infinity,Infinity
2013-12-27 19:23:00,788.98267,788.99268,783,783.00001,0.75,589.86,784.66
2013-12-27 19:24:00,788.98492,788.98492,788,788,0.04,31.55,788.74
2013-12-27 19:25:00,787.92348,787.92349,787,787.92349,0.1,78.77,787.74
2013-12-27 19:26:00,787.92348,788,782,788,8.73,6875.67,787.92
2013-12-27 19:27:00,787.91992,787.91992,787,787,0.03,23.63,787.61
2013-12-27 19:28:00,786,787.91492,780.35367,786,5.92,4623.35,780.44
2013-12-27 19:29:00,787.91492,787.91492,787.91492,787.91492,0.02,15.76,787.91
2013-12-27 19:30:00,781.23045,787.91992,781.22546,782.00501,10.3,8052.45,781.72
2013-12-27 19:31:00,782.01001,787.90492,771,783.16826,136.79,106181.6,776.24
2013-12-27 19:32:00,779.97999,779.97999,771.11002,776.995,2.19,1694.07,771.92
2013-12-27 19:33:00,776.995,784.55515,771.13003,771.1872,1.59,1232.27,774.57
2013-12-27 19:34:00,1.7e+308,1.7e+308,1.7e+308,1.7e+308,Infinity,Infinity,Infinity
2013-12-27 19:35:00,781.99999,781.99999,776,776,0.12,95.99,778.76
2013-12-27 19:36:00,776,782,776,782,1.35,1054.41,780.57
2013-12-27 19:37:00,781.99834,782,781,781,0.09,70.36,781.78
2013-12-27 19:38:00,781,781,773,773,0.06,44.92,779.26
2013-12-27 19:39:00,781,781.97494,781,781.97494,2.66,2079.49,781.95
2013-12-27 19:40:00,775,781.69499,775,775.005,0.19,146.82,776.77
2013-12-27 19:41:00,775.015,780.91548,775.015,780.91548,1.1,854.97,780.39
2013-12-27 19:42:00,1.7e+308,1.7e+308,1.7e+308,1.7e+308,Infinity,Infinity,Infinity
2013-12-27 19:43:00,779.495,779.495,779.495,779.495,0.1,74.83,779.5
2013-12-27 19:44:00,776.87279,776.87279,774,774,1,774.17,774.17
2013-12-27 19:45:00,775,775,771.19003,772,10.12,7830.76,773.74
2013-12-27 19:46:00,772,774,770.5623,772,31.29,24125.63,771.06
2013-12-27 19:47:00,772,775,771.92,775,1.2,926.62,772.18
2013-12-27 19:48:00,775,775,775,775,0.37,287.91,775
2013-12-27 19:49:00,1.7e+308,1.7e+308,1.7e+308,1.7e+308,Infinity,Infinity,Infinity
2013-12-27 19:50:00,775,775,775,775,1.7,1317.5,775
2013-12-27 19:51:00,775,775,771.03,771.03,2.79,2153.48,772.46
2013-12-27 19:52:00,774.99,774.99,774.99,774.99,1,774.99,774.99
2013-12-27 19:53:00,773,773,773,773,4.22,3263.09,773
2013-12-27 19:54:00,775,775.9,773.00001,775,13.69,10623.64,775.75
2013-12-27 19:55:00,773.00001,775,771.03002,775,1.52,1178.47,773.74
2013-12-27 19:56:00,774.46999,774.47,771.03,771.03,1.5,1158.27,772.18
2013-12-27 19:57:00,771.03,775,771.03,775,9.1,7036.33,773.22
2013-12-27 19:58:00,1.7e+308,1.7e+308,1.7e+308,1.7e+308,Infinity,Infinity,Infinity
2013-12-27 19:59:00,775,793,775,793,150.65,118500.74,786.61
2013-12-27 20:00:00,776.02999,792.97999,772.348,792.97999,4.46,3492.47,782.77
2013-12-27 20:01:00,777.64222,780.01,774.01001,780.01,2.15,1670.04,775.99
2013-12-27 20:02:00,1.7e+308,1.7e+308,1.7e+308,1.7e+308,Infinity,Infinity,Infinity
2013-12-27 20:03:00,1.7e+308,1.7e+308,1.7e+308,1.7e+308,Infinity,Infinity,Infinity
2013-12-27 20:04:00,786.56632,786.65999,786.56632,786.65999,3.29,2588.45,786.65
2013-12-27 20:05:00,1.7e+308,1.7e+308,1.7e+308,1.7e+308,Infinity,Infinity,Infinity
2013-12-27 20:06:00,1.7e+308,1.7e+308,1.7e+308,1.7e+308,Infinity,Infinity,Infinity
2013-12-27 20:07:00,786.56632,786.56632,780.015,780.015,0.24,187.76,780.52
2013-12-27 20:08:00,780.46,780.46,780.01,780.01,2.4,1872.5,780.02
2013-12-27 20:09:00,785.995,787.99999,785.995,787.99999,1,786.21,786.21
2013-12-27 20:10:00,781.63,781.63,781,781,0.48,374.13,781.07
2013-12-27 20:11:00,781.123,781.123,781.123,781.123,1.5,1171.68,781.12
2013-12-27 20:12:00,785.73999,785.74499,785.73999,785.74499,1,785.74,785.74
2013-12-27 20:13:00,1.7e+308,1.7e+308,1.7e+308,1.7e+308,Infinity,Infinity,Infinity
2013-12-27 20:14:00,782.00001,782.00001,782,782,0.74,578.72,782
2013-12-27 20:15:00,1.7e+308,1.7e+308,1.7e+308,1.7e+308,Infinity,Infinity,Infinity
2013-12-27 20:16:00,786,786,786,786,0.13,102.18,786
2013-12-27 20:17:00,782.5,782.5,781.12801,781.12801,0.45,349.54,781.27
2013-12-27 20:18:00,786,786,786,786,0.33,263.29,786
2013-12-27 20:19:00,782.99999,782.99999,782.99999,782.99999,0.04,32.41,783
2013-12-27 20:20:00,1.7e+308,1.7e+308,1.7e+308,1.7e+308,Infinity,Infinity,Infinity
2013-12-27 20:21:00,781.91001,781.91001,781,781,1.64,1279.47,781.72
2013-12-27 20:22:00,781,781,781,781,0.29,222.68,781
2013-12-27 20:23:00,1.7e+308,1.7e+308,1.7e+308,1.7e+308,Infinity,Infinity,Infinity
2013-12-27 20:24:00,1.7e+308,1.7e+308,1.7e+308,1.7e+308,Infinity,Infinity,Infinity
2013-12-27 20:25:00,783,783,783,783,0.16,122.85,783
2013-12-27 20:26:00,783.005,790,783,790,46.95,37042.8,788.93
2013-12-27 20:27:00,783.00001,783.00001,783.00001,783.00001,0.55,433.51,783
2013-12-27 20:28:00,789.98163,793,789.98163,793,7.08,5605.26,791.89
2013-12-27 20:29:00,793,794,792.31105,794,37.47,29752.62,793.94
2013-12-27 20:30:00,785.31505,793.531,785.12301,793.531,2.44,1916.65,785.31
2013-12-27 20:31:00,792.995,793.531,792.995,793.531,0.8,634.31,793.01
2013-12-27 20:32:00,1.7e+308,1.7e+308,1.7e+308,1.7e+308,Infinity,Infinity,Infinity
2013-12-27 20:33:00,793.49499,793.49999,785.546,785.546,0.61,479.53,789.01
2013-12-27 20:34:00,787.531,789.97999,785.546,789.97999,0.62,488,786.52
2013-12-27 20:35:00,789.97999,789.97999,789.97999,789.97999,0.03,20.1,789.98
2013-12-27 20:36:00,786.12,786.12,785.531,785.531,1.15,899.96,785.85
2013-12-27 20:37:00,1.7e+308,1.7e+308,1.7e+308,1.7e+308,Infinity,Infinity,Infinity
2013-12-27 20:38:00,789.96662,793.10078,785.6,785.605,2.25,1785.9,792.06
2013-12-27 20:39:00,785.62,785.62,785.6,785.6,1,785.61,785.61
2013-12-27 20:40:00,786.11,786.11,786.11,786.11,0.05,39.31,786.11
2013-12-27 20:41:00,786.1,786.1,786.00001,786.00001,0.63,497.03,786.01
2013-12-27 20:42:00,792.43685,794,792.43685,794,7.15,5670.12,793.29
2013-12-27 20:43:00,794,795.65985,786.01501,794.89999,16.01,12638.76,789.33
2013-12-27 20:44:00,787.005,795.98999,787.005,794.89999,35.2,28004.9,795.58
2013-12-27 20:45:00,795,796.498,794.68999,795.00001,26.56,21146.78,796.23
2013-12-27 20:46:00,795.00001,796.4,794.66999,796,7.96,6329.82,795.38
2013-12-27 20:47:00,788.73794,795.99999,788.73794,795.99998,0.92,735.15,795.21
2013-12-27 20:48:00,789.89,789.89,789.89,789.89,0.2,157.19,789.89
2013-12-27 20:49:00,795.695,795.7,795.4,795.7,1.82,1448.97,795.67
2013-12-27 20:50:00,795.7,795.97663,790.02,795,4.62,3670.11,794.65
2013-12-27 20:51:00,795,795,787,793.99499,57.32,45167.4,788.04
2013-12-27 20:52:00,787.02,787.02,787,787,1.32,1042.07,787.01
2013-12-27 20:53:00,787.005,787.005,787.005,787.005,0.01,7.87,787.01
2013-12-27 20:54:00,788,788,788,788,0.01,7.88,788
2013-12-27 20:55:00,788.005,793.66994,788,793.66994,6.7,5284.18,788.81
2013-12-27 20:56:00,788.01,788.05,788,788,6.96,5481.59,788.01
2013-12-27 20:57:00,788.005,788.05,788.005,788.05,0.72,564.33,788.04
2013-12-27 20:58:00,788,792.975,788,792.975,15.69,12366.33,788.01
2013-12-27 20:59:00,792.88887,792.88887,788,788,0.56,443.3,788.09
2013-12-27 21:00:00,788,792.5,788,792.5,1.16,918.95,791.88
2013-12-27 21:01:00,788.00001,788.005,788.00001,788.005,0.02,15.76,788
2013-12-27 21:02:00,788,788,788,788,0.32,252.16,788
2013-12-27 21:03:00,788.00001,788.00001,788,788,4.29,3382.95,788
2013-12-27 21:04:00,792.195,792.195,792.195,792.195,0.25,201.19,792.2
2013-12-27 21:05:00,1.7e+308,1.7e+308,1.7e+308,1.7e+308,Infinity,Infinity,Infinity
2013-12-27 21:06:00,789.99999,792.96999,789.99999,792.96999,0.42,335.64,790.39
2013-12-27 21:07:00,788,788,788,788,0.04,34.88,788
2013-12-27 21:08:00,1.7e+308,1.7e+308,1.7e+308,1.7e+308,Infinity,Infinity,Infinity
2013-12-27 21:09:00,788.03,788.03,788,788,0.58,458.09,788.01
2013-12-27 21:10:00,789,789,787,787,1.9,1499.51,787.94
2013-12-27 21:11:00,787,787,785.6,785.6,2.19,1720.08,786.96
2013-12-27 21:12:00,785.6,785.605,785.154,785.154,2.95,2320.08,785.28
2013-12-27 21:13:00,785.154,785.154,785.154,785.154,0.02,15.7,785.15
2013-12-27 21:14:00,785.154,785.15401,785.154,785.15401,0.02,15.7,785.15
2013-12-27 21:15:00,785.2,789.67796,785.2,789.67796,1.26,994.82,789.54
2013-12-27 21:16:00,785.20001,789,785.20001,789,0.02,18.49,786.44
2013-12-27 21:17:00,785.20001,789.99,785.2,789.99,2.64,2084.3,788.85
2013-12-27 21:18:00,1.7e+308,1.7e+308,1.7e+308,1.7e+308,Infinity,Infinity,Infinity
2013-12-27 21:19:00,785.2,785.2,785.2,785.2,0.02,17.65,785.2
2013-12-27 21:20:00,785.2,785.5,785,785,5.9,4629.83,785.09
2013-12-27 21:21:00,788.9,788.9,785,785,0.13,102.17,785.9
2013-12-27 21:22:00,1.7e+308,1.7e+308,1.7e+308,1.7e+308,Infinity,Infinity,Infinity
2013-12-27 21:23:00,1.7e+308,1.7e+308,1.7e+308,1.7e+308,Infinity,Infinity,Infinity
2013-12-27 21:24:00,1.7e+308,1.7e+308,1.7e+308,1.7e+308,Infinity,Infinity,Infinity
2013-12-27 21:25:00,785,785,785,785,0.52,411.41,785
2013-12-27 21:26:00,785,786,785,786,1.33,1042.21,785.01
2013-12-27 21:27:00,1.7e+308,1.7e+308,1.7e+308,1.7e+308,Infinity,Infinity,Infinity
2013-12-27 21:28:00,788,788.70912,788,788.70912,0.4,317.74,788.36
2013-12-27 21:29:00,788,788,785,785,0.63,493.14,785.7
2013-12-27 21:30:00,1.7e+308,1.7e+308,1.7e+308,1.7e+308,Infinity,Infinity,Infinity
2013-12-27 21:31:00,785,787.995,782.05067,782.05067,4.21,3295.06,782.76
2013-12-27 21:32:00,782.05067,783,776.00001,783,60.97,47567.36,780.2
2013-12-27 21:33:00,783,783,783,783,0.55,431.56,783
2013-12-27 21:34:00,783.995,784,777.03255,777.04005,20.43,15919.74,779.34
2013-12-27 21:35:00,778.125,783.98998,776.02736,783.98998,2.84,2209.01,777.09
2013-12-27 21:36:00,1.7e+308,1.7e+308,1.7e+308,1.7e+308,Infinity,Infinity,Infinity
2013-12-27 21:37:00,777,777,776.105,776.45,1.11,859.07,776.59
2013-12-27 21:38:00,776.11,777,776.11,777,3.32,2577.08,776.11
2013-12-27 21:39:00,777,777,777,777,2.6,2020.2,777
2013-12-27 21:40:00,776.3,781,776.02736,776.03736,3.17,2457.73,776.23
2013-12-27 21:41:00,1.7e+308,1.7e+308,1.7e+308,1.7e+308,Infinity,Infinity,Infinity
2013-12-27 21:42:00,776.3,776.3,776.02736,776.02736,0.09,69.77,776.06
2013-12-27 21:43:00,780,780,780,780,0.02,16.28,780
2013-12-27 21:44:00,780,782,776.02736,781.99499,1.5,1165.14,778.49
2013-12-27 21:45:00,779.99999,779.99999,776.033,776.033,2.62,2040.82,779.98
2013-12-27 21:46:00,776.03301,779.99999,776.03301,779.99999,2.41,1883.65,779.98
2013-12-27 21:47:00,780,780,776.50001,778,6.51,5066.32,778.26
2013-12-27 21:48:00,778,782,778,782,4.36,3395.07,778.79
2013-12-27 21:49:00,778,778,775,775.015,37.93,29425.69,775.79
2013-12-27 21:50:00,780,780,775.11501,775.11501,0.23,175.38,779.46
2013-12-27 21:51:00,779.99999,780,779.99999,780,0.6,468,780
2013-12-27 21:52:00,780,780,780,780,0.6,468,780
2013-12-27 21:53:00,780,780,780,780,0.4,312,780
2013-12-27 21:54:00,780,780,780,780,0.3,234,780
2013-12-27 21:55:00,780,780,780,780,0.4,312,780
2013-12-27 21:56:00,1.7e+308,1.7e+308,1.7e+308,1.7e+308,Infinity,Infinity,Infinity
2013-12-27 21:57:00,1.7e+308,1.7e+308,1.7e+308,1.7e+308,Infinity,Infinity,Infinity
2013-12-27 21:58:00,779.995,779.995,775.115,775.115,0.17,131.23,779.71
2013-12-27 21:59:00,775.115,777.49999,775,777.49999,10.15,7870.18,775.03
2013-12-27 22:00:00,775.00001,777.5,775,775,7.2,5580.1,775.21
2013-12-27 22:01:00,775,775,774.77319,774.77319,3.01,2333.42,774.94
2013-12-27 22:02:00,774.77319,774.77319,773.3615,773.3615,3.92,3034.18,773.93
2013-12-27 22:03:00,773.3615,774.77319,772.06259,772.06259,9.81,7584.12,773.14
2013-12-27 22:04:00,773,773,772.06259,772.08,10.76,8313.3,772.91
2013-12-27 22:05:00,772.318,772.318,771.11,771.11,45.8,35317.92,771.21
2013-12-27 22:06:00,771.11,772,771,772,20.41,15737.99,771.2
2013-12-27 22:07:00,771.111,772,771,772,4.99,3846.43,771.12
2013-12-27 22:08:00,771,772,771,772,1.22,940.61,771.01
2013-12-27 22:09:00,771.1,772,771.1,772,0.7,542.42,771.99
2013-12-27 22:10:00,772,772,772,772,0.43,331.96,772
2013-12-27 22:11:00,772,774.77319,772,774.77319,8.24,6372.15,773.6
2013-12-27 22:12:00,774.77319,775,774.77319,775,11.74,9094,774.85
2013-12-27 22:13:00,774.99,774.99,774.99,774.99,0.42,325.5,774.99
2013-12-27 22:14:00,774.99,778.99999,772.21,778.995,8.46,6579.47,777.95
2013-12-27 22:15:00,778.99833,781,772.31151,781,24.35,18943.87,778.09
2013-12-27 22:16:00,780.00001,781.99999,780,781.99999,5.9,4610.33,781.72
2013-12-27 22:17:00,780.541,781.49999,780,780,2.79,2173.45,780.3
2013-12-27 22:18:00,781.713,781.99998,780,781,0.1,78.15,781.46
2013-12-27 22:19:00,781,781,780,781,18.1,14118.08,780
2013-12-27 22:20:00,781,781,780.00001,781,0.05,39.04,780.8
2013-12-27 22:21:00,781,784,780,784,52.93,41441.34,782.99
2013-12-27 22:22:00,784.005,786.11356,784,786.11356,2.96,2322.61,784.01
2013-12-27 22:23:00,786.11356,788.86998,786.11356,788.86998,0.1,78.82,788.2
2013-12-27 22:24:00,785.11,786,785,785,0.38,295.7,785.09
2013-12-27 22:25:00,787.6,788.77898,785,785,0.13,106.24,787
2013-12-27 22:26:00,785,785,780.90123,780.90123,3.9,3063.23,784.56
2013-12-27 22:27:00,780.90124,785.99998,780,785.99998,12.09,9434.69,780.31
2013-12-27 22:28:00,780.005,780.005,780,780,0.12,96.14,780
2013-12-27 22:29:00,1.7e+308,1.7e+308,1.7e+308,1.7e+308,Infinity,Infinity,Infinity
2013-12-27 22:30:00,785.24,785.24,780,780,10.62,8280.96,780
2013-12-27 22:31:00,778.99999,778.99999,778.99999,778.99999,0.04,28.15,779
2013-12-27 22:32:00,778.99999,785.23996,778.99999,785.23996,1.04,814.25,784.91
2013-12-27 22:33:00,779.97157,779.97157,777.03204,777.03204,0.02,15.59,779.43
2013-12-27 22:34:00,1.7e+308,1.7e+308,1.7e+308,1.7e+308,Infinity,Infinity,Infinity
2013-12-27 22:35:00,1.7e+308,1.7e+308,1.7e+308,1.7e+308,Infinity,Infinity,Infinity
2013-12-27 22:36:00,1.7e+308,1.7e+308,1.7e+308,1.7e+308,Infinity,Infinity,Infinity
2013-12-27 22:37:00,1.7e+308,1.7e+308,1.7e+308,1.7e+308,Infinity,Infinity,Infinity
2013-12-27 22:38:00,780.08304,780.08304,780,780,0.63,488.72,780.05
2013-12-27 22:39:00,1.7e+308,1.7e+308,1.7e+308,1.7e+308,Infinity,Infinity,Infinity
2013-12-27 22:40:00,780,780,780,780,0.17,134.97,780
2013-12-27 22:41:00,780,780,780,780,19.67,15340.45,780
2013-12-27 22:42:00,777.3,777.3,777.3,777.3,0.01,7.77,777.3
2013-12-27 22:43:00,780,780,780,780,0.16,122.28,780
2013-12-27 22:44:00,780,788,780,788,14.34,11248.08,784.22
2013-12-27 22:45:00,780.00505,780.00506,780.00501,780.00501,0.07,54.07,780.01
2013-12-27 22:46:00,785,785.00001,785,785,0.98,769.9,785
2013-12-27 22:47:00,785.00001,785.00001,785,785.00001,5.54,4352.04,785
2013-12-27 22:48:00,785,788,785,788,0.75,593.11,785.59
2013-12-27 22:49:00,785.1,797,785.1,785.12001,129.67,102815.67,792.92
2013-12-27 22:50:00,785.12506,785.151,785.10001,785.10001,0.48,373.77,785.11
2013-12-27 22:51:00,785.18103,791.3,785.18103,791.3,1.3,1028.02,789.61
2013-12-27 22:52:00,1.7e+308,1.7e+308,1.7e+308,1.7e+308,Infinity,Infinity,Infinity
2013-12-27 22:53:00,791.09499,791.09999,791.09499,791.09999,0.08,59.98,791.1
2013-12-27 22:54:00,790.995,795.89999,790.995,792,30.59,24220.04,791.81
2013-12-27 22:55:00,792,795.89999,788.86961,792,11.23,8883.8,791.14
2013-12-27 22:56:00,792,792,792,792,9.44,7473.56,792
2013-12-27 22:57:00,791.1,791.1,788.86961,788.86961,0.57,446.08,789.03
2013-12-27 22:58:00,788.86961,791.99999,786.10001,791.99999,6.66,5253.26,788.68
2013-12-27 22:59:00,790,792,790,792,3.31,2621.64,791.92
2013-12-27 23:00:00,790,798.308,790,794.8459,74.64,59467.31,796.73
2013-12-27 23:01:00,798,799,790.8938,790.8938,23.29,18584.9,798.12
2013-12-27 23:02:00,792.005,792.005,792.005,792.005,0.04,34.85,792.01
2013-12-27 23:03:00,792.005,792.005,792,792,0.19,148.9,792
2013-12-27 23:04:00,792.00001,792.1,792.00001,792.1,0.07,58.61,792.04
2013-12-27 23:05:00,792.20001,792.21,792.20001,792.20001,0.76,605.13,792.2
2013-12-27 23:06:00,1.7e+308,1.7e+308,1.7e+308,1.7e+308,Infinity,Infinity,Infinity
2013-12-27 23:07:00,792.30109,792.30109,792.30109,792.30109,0.03,27.47,792.3
2013-12-27 23:08:00,795,795,792.3001,792.3001,0.6,477.5,792.34
2013-12-27 23:09:00,795,795,792.31,792.31,0.12,94.48,794.77
2013-12-27 23:10:00,792.31,792.31,792,792,2.02,1602.79,792.26
2013-12-27 23:11:00,792.31,800.99,792.31,800.99,54.73,43769.97,799.73
2013-12-27 23:12:00,793.51,793.51,792.04501,792.05502,3,2377.09,792.36
2013-12-27 23:13:00,793.00001,793.00001,793.00001,793.00001,12.01,9527.58,793
2013-12-27 23:14:00,793.00001,800.99,793.00001,800.99,8.47,6776.43,799.79
2013-12-27 23:15:00,793.00504,793.00504,793.00004,793.00004,0.6,475.15,793
2013-12-27 23:16:00,794.00003,799.995,794.00003,799.995,0.03,21.88,797.36
2013-12-27 23:17:00,1.7e+308,1.7e+308,1.7e+308,1.7e+308,Infinity,Infinity,Infinity
2013-12-27 23:18:00,798.99999,798.99999,798.99999,798.99999,0.14,113.67,799
2013-12-27 23:19:00,798.995,800,794.4,794.4,8.58,6844.53,797.61
2013-12-27 23:20:00,794.4,794.4,792.30502,792.32007,3.49,2763.05,792.54
2013-12-27 23:21:00,799.97498,799.99,799.97498,799.99,40.05,32042.48,799.99
2013-12-27 23:22:00,1.7e+308,1.7e+308,1.7e+308,1.7e+308,Infinity,Infinity,Infinity
2013-12-27 23:23:00,1.7e+308,1.7e+308,1.7e+308,1.7e+308,Infinity,Infinity,Infinity
2013-12-27 23:24:00,1.7e+308,1.7e+308,1.7e+308,1.7e+308,Infinity,Infinity,Infinity
2013-12-27 23:25:00,793.429,793.429,792.445,792.47166,3.4,2694.92,792.51
2013-12-27 23:26:00,799.775,799.78,793.005,793.005,1.5,1201.55,799.56
2013-12-27 23:27:00,799,799,792.14178,792.14178,0.61,485.99,792.59
2013-12-27 23:28:00,799.685,799.68999,799.685,799.68999,0.06,47.98,799.69
2013-12-27 23:29:00,799.685,799.68999,798.995,798.995,0.22,175.92,799.62
2013-12-27 23:30:00,798.995,799,798.995,799,0.3,239.7,799
2013-12-27 23:31:00,799,799.69,793.92451,799.69,0.99,791.28,799
2013-12-27 23:32:00,799.507,799.69,799.507,799.69,0.1,76.62,799.6
2013-12-27 23:33:00,798,799.685,792.29559,799.685,0.65,513.6,793.05
2013-12-27 23:34:00,799.507,799.69,792.3356,792.3356,0.36,283.78,798.29
2013-12-27 23:35:00,1.7e+308,1.7e+308,1.7e+308,1.7e+308,Infinity,Infinity,Infinity
2013-12-27 23:36:00,799.495,799.495,799.495,799.495,0.01,7.99,799.5
2013-12-27 23:37:00,799,799.6,799,799.32,10.26,8200.53,799.09
2013-12-27 23:38:00,1.7e+308,1.7e+308,1.7e+308,1.7e+308,Infinity,Infinity,Infinity
2013-12-27 23:39:00,799.1,799.1,792.31311,795,11.13,8841.85,794.4
2013-12-27 23:40:00,795,799.78,792.61,799.775,7.06,5627.59,797.26
2013-12-27 23:41:00,1.7e+308,1.7e+308,1.7e+308,1.7e+308,Infinity,Infinity,Infinity
2013-12-27 23:42:00,1.7e+308,1.7e+308,1.7e+308,1.7e+308,Infinity,Infinity,Infinity
2013-12-27 23:43:00,799,799.78,798.995,799.78,9,7196.28,799.59
2013-12-27 23:44:00,799,799.78,792.32313,792.32313,4.76,3800.97,799.1
2013-12-27 23:45:00,799.77,799.77,799.75,799.75,1.01,807.77,799.77
2013-12-27 23:46:00,798,798,798,798,0.07,58.15,798
2013-12-27 23:47:00,798,798,796.00001,796.00001,0.23,184.62,796.26
2013-12-27 23:48:00,796.00001,796.00001,796.00001,796.00001,0.22,175.12,796
2013-12-27 23:49:00,796.00001,798,796,798,0.68,541.87,796.28
2013-12-27 23:50:00,797.99999,798,797.99999,798,0.86,684.94,798
2013-12-27 23:51:00,1.7e+308,1.7e+308,1.7e+308,1.7e+308,Infinity,Infinity,Infinity
2013-12-27 23:52:00,796.00001,798,796.00001,798,0.06,47.86,797.67
2013-12-27 23:53:00,798,801,798,801,8.27,6616.2,799.64
2013-12-27 23:54:00,800.00001,800.99,800,800,0.68,547.26,800.14
2013-12-27 23:55:00,800,800.99,800,800.98999,1.18,941.47,800.02
2013-12-27 23:56:00,800.985,804.98,800,804.97999,14.39,11556.79,803.11
2013-12-27 23:57:00,804.32,804.97999,796.84299,804.09999,11.61,9289.44,800.1
2013-12-27 23:58:00,800.005,805,800.005,805,23.38,18801.39,804.09
2013-12-27 23:59:00,804.98062,805.005,800,803.23,15.81,12722.84,804.79
2013-12-28 00:00:00,803.23,805,800.1,803.1,18.01,14440.24,801.77